P062 -0.476 0.393 0.393 0.393 0.787 0.544 0.291 0.291 0.291 0.045 0.223 0.575 0.42 0.356 0.356 0.182 0.182 0.041 0.046 0.046 0.046 0.046 0.195 0.195 0.236 0.236 0.236 0.083
P061 0.252 0.568 0.568 0.568 0.678 0.373 0.802 0.802 0.745 0.783 0.652 0.822 0.822 0.556 0.556 0.556 0.556 0.556 0.556 0.556 0.556 0.556 0.556 0.556 0.556 0.556 0.556 0.074
P127 -0.86 -0.902 -0.902 -0.902 -0.849 -0.883 -0.883 -0.883 -0.883 -0.883 -0.883 -0.883 -0.883 -0.883 -0.883 -0.883 -0.883 -0.883 -0.883 -0.883 -0.883 -0.883 -0.883 -0.883 -0.883 -0.883 -0.883 -0.883
P086 0.368 0.368 0.368 0.368 0.368 0.368 0.368 0.368 0.368 0.368 0.368 0.368 0.368 0.368 0.368 0.368 0.368 -0.197 -0.197 -0.197 -0.197 -0.197 -0.197 -0.197 -0.197 -0.197 -0.197 -0.197
P090 2.209 1.84 1.84 1.84 1.711 2.047 2.047 2.047 2.045 2.045 2.045 2.045 2.045 2.045 2.045 2.045 2.045 2.045 2.045 2.045 2.045 2.045 2.045 2.045 2.045 2.045 2.045 2.045
P051 -0.857 -0.899 -0.899 -0.899 -0.964 -0.972 -0.82 -0.82 -0.771 -0.772 -0.683 -0.693 -0.755 -0.678 -0.678 -0.715 -0.715 -0.746 -0.751 -0.751 -0.751 -0.751 -0.688 -0.75 -0.75 -0.75 -0.595 -0.633
P035 -0.75 -0.851 -0.851 -0.851 -0.947 -0.961 -1.001 -1.001 -0.993 -0.993 -0.735 -0.735 -0.726 -0.773 -0.773 -0.655 -0.655 -0.571 -0.571 -0.571 -0.492 -0.492 -0.492 -0.524 -0.557 -0.557 -0.451 -0.435
P017 -0.497 -0.796 -0.796 -0.796 -0.943 -0.715 -0.715 -0.715 -0.797 -0.797 -0.763 -0.763 -0.848 -0.848 -0.848 -0.666 -0.666 -0.556 -0.556 -0.556 -0.64 -0.64 -0.64 -0.64 -0.64 -0.64 -0.64 -0.64
P058 0.036 0.036 0.036 0.036 0.036 0.036 -0.252 -0.252 -0.109 -0.293 -0.294 -0.134 -0.134 -0.24 -0.24 -0.24 -0.24 -0.24 -0.393 -0.393 -0.393 -0.393 -0.393 -0.393 -0.393 -0.393 -0.393 -0.393
P129 -0.209 -0.209 -0.209 -0.209 -0.209 -0.209 -0.209 -0.209 -0.209 -0.209 -0.209 -0.209 -0.209 -0.209 -0.209 -0.209 -0.209 -0.209 -0.209 -0.209 -0.209 -0.209 -0.209 -0.209 -0.209 -0.209 -0.209 -0.209
P124 -0.497 -0.566 -0.566 -0.566 -0.566 0.107 0.107 0.107 0.432 0.432 0.432 0.432 0.432 -0.176 -0.176 -0.439 -0.439 -0.439 -0.439 -0.439 -0.439 -0.439 -0.439 -0.439 -0.439 -0.439 -0.439 -0.439
P036 0.233 0.233 0.233 0.233 0.233 0.761 0.732 0.732 0.732 1.183 1.199 1.199 1.208 1.252 1.252 1.055 1.055 1.055 0.822 0.822 1.157 1.157 1.024 1.024 1.322 1.322 0.777 0.777
P022 0.511 0.638 0.638 0.638 0.963 1.386 1.33 1.33 1.33 1.341 1.488 1.488 1.516 1.425 1.425 2.03 2.03 1.759 1.916 1.916 1.916 1.916 1.821 1.858 1.858 1.858 1.858 2.734
P012 -0.209 -0.218 -0.218 -0.218 -0.218 -0.405 -0.405 -0.405 -0.632 -0.676 -0.678 -0.785 -0.767 -0.736 -0.736 -0.736 -0.736 -0.736 -0.455 -0.455 -0.478 -0.478 -0.558 -0.675 -0.629 -0.629 -0.609 -0.609
P118 -0.75 -0.851 -0.851 -0.851 -0.947 -0.947 -1.003 -1.003 -1.003 -1.003 -1.003 -1.003 -1.003 -1.003 -1.003 -1.003 -1.003 -1.003 -1.003 -1.003 -1.003 -1.003 -1.003 -0.737 -0.737 -0.737 -0.65 -0.68
P019 -0.75 -0.696 -0.696 -0.696 -0.846 -0.887 -0.887 -0.887 -0.91 -0.91 -0.91 -0.743 -0.731 -0.781 -0.781 -0.781 -0.781 -0.781 -0.781 -0.781 -0.591 -0.591 -0.591 -0.682 -0.524 -0.524 -0.524 -0.498
P011 -0.177 -0.191 -0.191 -0.191 -0.336 -0.138 -0.25 -0.25 -0.243 -0.18 -0.347 -0.211 -0.349 -0.391 -0.391 -0.422 -0.422 -0.336 -0.362 -0.362 -0.449 -0.449 -0.449 -0.297 -0.366 -0.366 -0.366 -0.408
P013 1.17 0.99 0.99 0.99 0.982 0.982 0.447 0.447 0.469 1.039 1.039 1.039 1.039 1.039 1.039 1.039 1.039 1.039 1.039 1.039 1.039 1.039 1.039 1.039 1.039 1.039 1.039 1.039
P014 -0.23 0.222 0.222 0.222 0.331 0.331 0.297 0.297 0.468 0.479 0.479 0.479 0.376 0.376 0.376 0.376 0.376 0.376 0.368 0.368 0.368 0.368 0.368 0.368 0.368 0.368 0.368 0.368
P131 -0.377 -0.377 -0.377 -0.377 -0.377 -0.377 -0.377 -0.377 -0.377 -0.377 -0.377 -0.377 -0.377 -0.377 -0.377 -0.377 -0.377 -0.377 -0.377 -0.377 -0.377 -0.377 -0.377 -0.377 -0.377 -0.377 -0.377 -0.377
P010 -0.703 -0.703 -0.703 -0.703 -0.703 -0.663 -0.663 -0.663 -0.663 -0.524 -0.524 -0.459 -0.194 -0.129 -0.129 -0.158 -0.158 -0.158 -0.315 -0.315 -0.315 -0.315 -0.315 -0.526 -0.496 -0.496 -0.496 -0.496
P059 0.947 0.947 0.947 0.947 0.656 0.403 0.403 0.403 0.403 0.84 0.317 0.317 0.317 0.317 0.317 0.123 0.123 0.123 0.123 0.123 0.123 0.123 0.123 -0.047 0.007 0.007 0.007 0.007
P052 0.079 0.079 0.079 0.079 0.079 0.079 0.079 0.079 0.079 1.415 1.415 1.415 1.415 1.415 1.415 1.415 1.415 0.485 0.485 0.485 0.485 0.485 0.485 0.485 0.485 0.485 0.485 0.485
P006 -0.479 -0.479 -0.479 -0.479 -0.479 -0.479 -0.583 -0.583 -0.736 -0.616 -0.427 -0.226 -0.226 -0.226 -0.226 -0.226 -0.226 -0.34 -0.382 -0.382 -0.382 -0.382 -0.382 0.042 0.042 0.042 0.042 0.042
P066 -0.226 -0.225 -0.225 -0.225 0.186 0.186 0.186 0.186 0.186 0.186 0.186 0.186 0.186 0.186 0.186 0.186 0.186 0.186 0.186 0.186 0.186 0.186 0.186 0.186 0.186 0.186 0.186 0.186
P053 0.279 -0.095 -0.095 -0.095 -0.268 -0.351 -0.327 -0.327 -0.303 -0.229 -0.387 -0.38 -0.491 -0.511 -0.511 -0.463 -0.463 -0.483 -0.485 -0.485 -0.441 -0.441 -0.451 -0.475 -0.385 -0.385 -0.334 -0.378
P029 -0.13 0.433 0.433 0.433 0.433 0.324 0.324 0.324 0.324 0.079 0.2 0.062 0.149 0.06 0.06 0.065 0.065 0.065 -0.124 -0.124 -0.221 -0.221 -0.221 -0.095 -0.214 -0.214 -0.243 -0.164
P057 -0.467 -0.061 -0.061 -0.061 -0.141 -0.141 -0.435 -0.435 -0.479 -0.479 -0.535 -0.4 -0.538 -0.552 -0.552 -0.354 -0.354 -0.462 -0.462 -0.462 -0.062 -0.062 -0.062 -0.113 -0.125 -0.125 -0.011 -0.011
P049 0.115 0.115 0.115 0.115 0.564 0.442 0.6 0.6 0.585 0.392 0.408 0.408 0.268 0.292 0.292 0.314 0.314 0.314 0.202 0.202 0.037 0.037 -0.022 -0.196 -0.196 -0.196 -0.297 -0.176
P045 0.607 0.705 0.705 0.705 0.309 0.71 0.7 0.7 0.584 0.584 0.473 0.39 0.197 0.054 0.054 0.054 0.054 0.127 0.227 0.227 0.227 0.227 0.227 0.227 0.227 0.227 0.227 0.227
P074 2.2 2.06 2.06 2.06 1.987 1.987 1.994 1.994 2.477 1.865 2.137 2.137 1.956 2.044 2.044 1.638 1.638 1.578 1.459 1.459 1.459 1.459 1.459 1.459 1.459 1.459 1.459 1.459
P105 -0.497 -0.497 -0.497 -0.497 -0.497 -0.497 -0.497 -0.497 -0.497 -0.497 -0.497 -0.497 -0.497 -0.497 -0.497 -0.497 -0.497 -0.497 -0.497 -0.497 -0.497 -0.497 -0.497 -0.497 -0.497 -0.497 -0.541 -0.541
P025 0.03 0.638 0.638 0.638 0.846 0.846 0.572 0.572 0.572 0.572 0.303 0.303 0.303 0.303 0.303 0.303 0.303 0.303 0.303 0.303 0.303 0.303 0.303 -0.492 -0.492 -0.492 -0.079 -0.014
P042 0.925 0.704 0.704 0.704 0.308 0.089 -0.163 -0.163 -0.093 -0.093 0.033 0.114 0.52 0.319 0.319 0.151 0.151 0.015 -0.072 -0.072 -0.046 -0.046 -0.046 0.17 0.204 0.204 0.269 0.249
P032 -0.115 0.306 0.306 0.306 0.099 0.315 0.315 0.315 0.162 -0.166 0.065 0.062 0.062 -0.009 -0.009 -0.009 -0.009 0.009 0.009 0.009 0.009 0.009 0.009 -0.113 -0.188 -0.188 -0.287 -0.287
P060 -0.0 -0.0 -0.0 -0.0 -0.0 -0.375 -0.375 -0.375 -0.375 -0.201 -0.353 -0.353 -0.353 -0.434 -0.434 -0.473 -0.473 -0.583 -0.583 -0.583 -0.487 -0.487 -0.487 -0.637 -0.597 -0.597 -0.536 -0.582
P084 -0.555 -0.572 -0.572 -0.572 -0.142 -0.343 -0.229 -0.229 -0.307 -0.396 -0.378 -0.378 -0.378 -0.378 -0.378 -0.378 -0.378 -0.378 -0.378 -0.378 -0.378 -0.378 -0.378 -0.378 -0.378 -0.378 -0.378 -0.378
P018 -0.095 -0.095 -0.095 -0.095 -0.095 -0.095 -0.095 -0.095 -0.095 -0.095 -0.095 -0.095 -0.095 -0.095 -0.095 -0.095 -0.095 -0.095 -0.095 -0.095 -0.095 -0.095 -0.095 -0.095 -0.095 -0.095 -0.095 -0.095
P033 0.332 0.056 0.056 0.056 -0.276 -0.357 -0.147 -0.147 -0.147 -0.193 -0.216 -0.01 -0.13 -0.13 -0.13 -0.13 -0.13 -0.13 -0.13 -0.13 -0.13 -0.13 -0.13 -0.13 -0.13 -0.13 -0.13 -0.13
P044 -0.63 -0.739 -0.739 -0.739 -0.497 -0.172 -0.185 -0.185 -0.111 -0.238 -0.177 -0.07 -0.108 -0.189 -0.189 -0.189 -0.189 -0.189 -0.189 -0.189 -0.189 -0.189 -0.189 0.488 0.456 0.456 0.291 0.112
P038 -0.275 -0.275 -0.275 -0.275 -0.543 -0.543 -0.543 -0.543 -0.543 -0.664 -0.664 -0.664 -0.844 -0.764 -0.764 -0.764 -0.764 -0.81 -0.641 -0.641 -0.532 -0.532 -0.6 -0.6 -0.551 -0.551 -0.485 -0.556
P041 -1.092 -1.092 -1.092 -1.092 -1.092 -1.092 -1.092 -1.092 -0.609 -0.671 -0.671 -0.696 -0.696 -0.696 -0.696 -0.696 -0.696 -0.696 -0.696 -0.696 -0.696 -0.696 -0.398 -0.398 -0.398 -0.398 -0.398 -0.398
P130 -0.715 -0.715 -0.715 -0.715 -0.715 -0.415 -0.415 -0.415 -0.5 -0.5 -0.5 -0.5 -0.5 -0.5 -0.5 -0.5 -0.5 -0.5 -0.5 -0.5 -0.5 -0.5 -0.5 -0.5 -0.5 -0.5 -0.5 -0.5
P001 0.993 1.117 1.117 1.117 1.117 0.905 1.087 1.087 1.14 1.14 1.168 1.722 1.472 1.458 1.458 1.639 1.639 1.39 1.914 1.914 1.855 1.855 1.855 1.392 1.394 1.394 1.803 2.243
P000 -0.676 -0.369 -0.369 -0.369 -0.369 -0.326 -0.052 -0.052 -0.052 -0.26 0.129 0.129 0.393 0.243 0.243 0.243 0.243 0.195 0.423 0.423 0.423 0.423 0.423 0.112 0.112 0.112 0.112 0.593
P144 -1.155 -1.155 -1.155 -1.155 -0.367 -0.367 -0.695 -0.695 -0.695 -0.56 -0.599 -0.599 -0.599 -0.599 -0.599 -0.599 -0.599 -0.599 -0.599 -0.599 -0.599 -0.599 0.341 0.341 0.114 0.114 -0.162 -0.172
P078 -0.275 0.178 0.178 0.178 0.178 0.178 -0.016 -0.016 -0.016 -0.016 -0.016 -0.016 -0.016 -0.016 -0.016 -0.016 -0.016 -0.016 -0.016 -0.016 -0.636 -0.636 -0.559 -0.559 -0.559 -0.559 -0.559 -0.559
P134 0.357 0.357 0.357 0.357 0.357 0.082 0.082 0.082 0.082 0.082 0.082 0.082 0.082 0.082 0.082 0.082 0.082 -0.146 -0.146 -0.146 -0.146 -0.146 -0.146 -0.146 -0.146 -0.146 -0.146 -0.146
P054 -0.04 -0.04 -0.04 -0.04 0.575 0.575 0.451 0.451 0.831 0.971 0.853 0.853 0.938 0.938 0.938 0.712 0.712 0.478 0.478 0.478 1.095 1.095 0.657 0.572 0.628 0.628 0.455 0.216
P031 1.485 0.34 0.34 0.34 0.34 0.081 -0.023 -0.023 -0.023 0.012 0.012 0.504 0.504 0.376 0.376 0.376 0.376 0.579 0.448 0.448 0.448 0.448 0.448 0.448 0.448 0.448 0.448 0.448
P048 -0.47 -0.665 -0.665 -0.665 -0.133 0.136 -0.049 -0.049 -0.174 -0.209 -0.226 -0.035 -0.08 -0.057 -0.057 0.084 0.084 0.023 0.031 0.031 0.031 0.031 0.031 0.031 0.031 0.031 0.031 0.031
P043 1.321 0.108 0.108 0.108 0.108 -0.207 -0.217 -0.217 -0.217 -0.217 -0.217 -0.217 -0.57 -0.57 -0.57 -0.57 -0.57 -0.57 -0.57 -0.57 -0.57 -0.57 -0.57 -0.57 -0.57 -0.57 -0.57 -0.57
P109 -0.636 -0.636 -0.636 -0.636 -0.636 -0.636 -0.636 -0.636 -0.636 -0.636 -0.636 -0.636 -0.636 -0.636 -0.636 -0.636 -0.636 -0.636 -0.636 -0.636 -0.636 -0.636 -0.636 -0.636 -0.636 -0.636 -0.636 -0.636
P126 -1.027 -1.027 -1.027 -1.027 -1.027 -1.027 -1.027 -1.027 -1.027 -1.027 -1.027 -1.027 -1.027 -1.027 -1.027 -1.027 -1.027 -1.027 -1.027 -1.027 -1.027 -1.027 -1.027 -1.027 -1.027 -1.027 -1.027 -1.027
P096 -1.027 -1.014 -1.014 -1.014 -1.062 -1.062 -1.062 -1.062 -1.062 -1.062 -1.062 -1.101 -1.101 -1.101 -1.101 -1.101 -1.101 -1.101 -1.101 -1.101 -1.101 -1.101 -0.872 -0.872 -0.872 -0.872 -0.872 -0.872
P067 -0.245 -0.64 -0.64 -0.64 -0.669 -0.669 -0.526 -0.526 -0.431 -0.431 -0.431 -0.431 -0.431 -0.431 -0.431 -0.431 -0.431 -0.431 -0.431 -0.431 0.041 0.041 0.041 -0.388 -0.388 -0.388 -0.388 -0.388
P097 -1.027 -1.027 -1.027 -1.027 -1.088 -1.088 -1.088 -1.088 -1.088 -1.088 -1.088 -0.656 -0.656 -0.656 -0.656 -0.656 -0.656 -0.656 -0.656 -0.656 -0.656 -0.656 -0.74 -0.804 -0.804 -0.804 -0.685 -0.685
P099 -1.027 -1.027 -1.027 -1.027 -1.088 -1.088 -1.088 -1.088 -1.088 -1.088 -1.088 -1.12 -1.12 -1.12 -1.12 -1.12 -1.12 -1.12 -1.12 -1.12 -1.12 -1.12 -1.12 -1.12 -1.12 -1.12 -1.12 -1.12
P125 -0.636 -0.636 -0.636 -0.636 -0.636 -0.636 -0.636 -0.636 -0.868 -0.868 -0.965 -0.965 -0.965 -0.965 -0.965 -0.965 -0.965 -0.965 -0.965 -0.965 -0.965 -0.965 -0.965 -0.965 -0.965 -0.965 -0.965 -0.965
P064 100 -0.609 -0.609 -0.609 0.047 -0.21 -0.218 -0.218 -0.217 -0.217 -0.451 -0.451 -0.319 -0.309 -0.309 -0.309 -0.309 -0.035 -0.206 -0.206 -0.286 -0.286 -0.337 -0.337 -0.426 -0.426 -0.459 -0.459
P023 100 -0.996 -0.996 -0.996 -0.596 -0.75 -0.75 -0.75 -0.75 -0.924 -0.924 -0.863 -0.863 -0.863 -0.863 -0.752 -0.752 -0.597 -0.643 -0.643 -0.643 -0.643 -0.592 -0.582 -0.582 -0.582 -0.582 -0.641
P132 100 -0.609 -0.609 -0.609 -0.609 -0.609 -0.609 -0.609 -0.609 -0.609 -0.609 -0.609 -0.609 -0.609 -0.609 -0.609 -0.609 -0.609 -0.609 -0.609 -0.609 -0.609 -0.609 -0.609 -0.609 -0.609 -0.609 -0.609
P055 100 0.551 0.551 0.551 0.309 -0.194 0.195 0.195 0.504 0.504 0.504 0.138 0.029 0.029 0.029 0.043 0.043 0.043 0.205 0.205 0.205 0.205 0.554 0.272 0.272 0.272 0.272 0.203
P100 100 -0.609 -0.609 -0.609 -0.609 -0.609 -0.609 -0.609 -0.609 -0.609 -0.609 -0.609 -0.609 -0.609 -0.609 -0.609 -0.609 -0.609 -0.609 -0.609 -0.609 -0.609 -0.609 -0.609 -0.609 -0.609 -0.609 -0.609
P135 100 100 100 100 -0.708 -0.708 -0.708 -0.708 -0.708 -0.708 -0.954 -0.954 -0.954 -0.954 -0.954 -0.954 -0.954 -0.954 -0.954 -0.954 -0.954 -0.954 -0.954 -0.954 -0.954 -0.954 -0.954 -0.954
P004 100 100 100 100 0.541 0.327 0.122 0.122 0.122 0.122 0.122 0.092 0.092 -0.278 -0.278 -0.278 -0.278 -0.386 -0.012 -0.012 -0.012 -0.012 -0.012 -0.012 -0.012 -0.012 -0.012 -0.012
P047 100 100 100 100 -1.124 -0.468 -0.468 -0.468 -0.468 -0.018 -0.256 -0.256 -0.039 -0.039 -0.039 0.105 0.105 -0.087 -0.087 -0.087 -0.087 -0.087 -0.087 -0.265 -0.265 -0.265 -0.265 -0.265
P046 100 100 100 100 100 0.505 1.527 1.527 1.527 1.275 1.662 1.329 1.218 1.478 1.478 1.381 1.381 0.962 0.9 0.9 0.9 0.9 0.83 1.245 1.511 1.511 1.511 1.413
P016 100 100 100 100 100 -0.617 -0.888 -0.888 -0.92 -0.92 -0.92 -0.92 -0.523 -0.523 -0.523 -0.666 -0.666 -0.666 -0.704 -0.704 -0.655 -0.655 -0.691 -0.73 -0.73 -0.73 -0.73 -0.551
P026 100 100 100 100 100 0.131 -0.061 -0.061 -0.432 -0.539 -0.539 -0.366 -0.54 -0.633 -0.633 -0.542 -0.542 -0.549 -0.538 -0.538 -0.54 -0.54 -0.528 -0.534 -0.513 -0.513 -0.471 -0.403
P056 100 100 100 100 100 100 -1.13 -1.13 -0.395 -0.395 -0.187 -0.367 -0.553 -0.326 -0.326 -0.384 -0.384 -0.384 -0.384 -0.384 -0.384 -0.384 -0.384 -0.597 -0.625 -0.625 -0.625 -0.625
P024 100 100 100 100 100 100 -1.13 -1.13 -1.037 -0.936 -0.978 -0.918 -0.868 -0.868 -0.868 -0.868 -0.868 -0.868 -0.839 -0.839 -0.839 -0.839 -0.839 -0.839 -0.839 -0.839 -0.839 -0.839
P034 100 100 100 100 100 100 1.108 1.108 0.353 0.416 0.416 0.562 0.955 0.816 0.816 0.816 0.816 1.781 1.373 1.373 1.133 1.133 1.133 1.03 0.999 0.999 0.667 0.658
P021 100 100 100 100 100 100 100 100 -0.589 -0.686 -0.536 -0.536 -0.34 -0.34 -0.34 -0.34 -0.34 -0.34 -0.403 -0.403 -0.403 -0.403 -0.403 -0.403 -0.403 -0.403 -0.403 -0.403
P136 100 100 100 100 100 100 100 100 -0.964 -0.964 -0.964 -0.964 -0.964 -0.964 -0.964 -0.964 -0.964 -0.964 -0.964 -0.964 -0.964 -0.964 -0.964 -0.964 -0.964 -0.964 -0.964 -0.964
P005 100 100 100 100 100 100 100 100 0.159 -0.329 -0.616 -0.655 -0.282 -0.204 -0.204 -0.289 -0.289 -0.211 -0.211 -0.211 -0.211 -0.211 -0.211 -0.211 -0.211 -0.211 0.197 -0.217
P008 100 100 100 100 100 100 100 100 0.159 0.159 -0.322 -0.025 -0.025 -0.025 -0.025 -0.025 -0.025 -0.025 -0.025 -0.025 -0.025 -0.025 -0.025 -0.025 -0.025 -0.025 -0.025 -0.025
P028 100 100 100 100 100 100 100 100 100 0.514 0.514 -0.204 -0.204 0.344 0.344 0.344 0.344 0.098 -0.086 -0.086 0.229 0.229 0.863 0.834 0.694 0.694 0.452 0.31
P002 100 100 100 100 100 100 100 100 100 -0.772 -0.772 -0.772 -0.772 -0.772 -0.772 -0.627 -0.627 -0.627 -0.627 -0.627 -0.582 -0.582 -0.582 -0.116 -0.228 -0.228 -0.344 -0.382
P030 100 100 100 100 100 100 100 100 100 100 100 -0.743 -0.92 -0.93 -0.93 -0.806 -0.806 -0.806 -0.797 -0.797 -0.814 -0.814 -0.801 -0.696 -0.696 -0.696 -0.696 -0.696
P009 100 100 100 100 100 100 100 100 100 100 100 -0.743 -0.516 -0.423 -0.423 -0.362 -0.362 -0.362 0.038 0.038 -0.133 -0.133 -0.325 -0.302 -0.302 -0.302 -0.246 -0.154
P063 100 100 100 100 100 100 100 100 100 100 100 -1.14 -1.14 -0.648 -0.648 -0.751 -0.751 -0.69 -0.69 -0.69 -0.69 -0.69 -0.69 -0.628 -0.628 -0.628 -0.628 -0.64
P133 100 100 100 100 100 100 100 100 100 100 100 -1.14 -1.14 -1.14 -1.14 -1.14 -1.14 -1.14 -1.14 -1.14 -1.14 -1.14 -1.14 -1.14 -1.14 -1.14 -1.14 -1.14
P020 100 100 100 100 100 100 100 100 100 100 100 100 2.003 2.774 2.774 2.456 2.456 2.508 2.508 2.508 2.312 2.312 2.875 2.8 3.03 3.03 2.549 2.162
P050 100 100 100 100 100 100 100 100 100 100 100 100 100 -0.276 -0.276 -0.073 -0.073 0.633 0.284 0.284 0.67 0.67 0.747 0.955 0.742 0.742 0.742 0.494
P137 100 100 100 100 100 100 100 100 100 100 100 100 100 100 100 0.726 0.726 0.726 0.726 0.726 0.726 0.726 0.726 0.961 0.961 0.961 0.961 0.961
P065 100 100 100 100 100 100 100 100 100 100 100 100 100 100 100 0.403 0.403 -0.131 -0.131 -0.131 -0.131 -0.131 -0.018 -0.018 -0.018 -0.018 -0.018 -0.018
P015 100 100 100 100 100 100 100 100 100 100 100 100 100 100 100 -0.887 -0.887 -0.887 -0.825 -0.825 -0.837 -0.837 -0.837 -0.84 -0.84 -0.84 -0.707 -0.339
P040 100 100 100 100 100 100 100 100 100 100 100 100 100 100 100 -0.564 -0.564 -0.564 -0.363 -0.363 -0.177 -0.177 -0.078 0.149 0.149 0.149 0.149 0.149
P073 100 100 100 100 100 100 100 100 100 100 100 100 100 100 100 -0.887 -0.887 -0.887 -0.887 -0.887 -0.473 -0.473 -0.473 -0.344 -0.474 -0.474 -0.499 -0.577
P027 100 100 100 100 100 100 100 100 100 100 100 100 100 100 100 -0.887 -0.887 -0.89 -0.741 -0.741 -0.779 -0.779 -0.776 -0.776 -0.776 -0.776 -0.776 -0.623
P120 100 100 100 100 100 100 100 100 100 100 100 100 100 100 100 100 100 -0.891 -0.891 -0.891 -0.891 -0.891 -0.891 -0.891 -0.891 -0.891 -0.891 -0.891
P121 100 100 100 100 100 100 100 100 100 100 100 100 100 100 100 100 100 -0.255 -0.255 -0.255 -0.255 -0.255 -0.255 -0.255 -0.255 -0.255 -0.255 -0.255
P039 100 100 100 100 100 100 100 100 100 100 100 100 100 100 100 100 100 0.064 0.064 0.064 0.064 0.064 0.064 0.064 -0.491 -0.491 -0.491 -0.491
P037 100 100 100 100 100 100 100 100 100 100 100 100 100 100 100 100 100 100 -0.777 -0.777 -0.777 -0.777 0.348 0.348 0.348 0.348 0.348 0.348
P069 100 100 100 100 100 100 100 100 100 100 100 100 100 100 100 100 100 100 100 100 -0.853 -0.853 -0.804 -0.804 -0.804 -0.804 -0.804 -0.804
P068 100 100 100 100 100 100 100 100 100 100 100 100 100 100 100 100 100 100 100 100 0.684 0.684 0.66 1.477 1.393 1.393 2.318 2.474
P070 100 100 100 100 100 100 100 100 100 100 100 100 100 100 100 100 100 100 100 100 -0.853 -0.853 -0.853 -0.853 -0.853 -0.853 -0.853 -0.853
P071 100 100 100 100 100 100 100 100 100 100 100 100 100 100 100 100 100 100 100 100 -0.853 -0.853 -0.853 -0.847 -0.778 -0.778 -0.513 -0.513
P072 100 100 100 100 100 100 100 100 100 100 100 100 100 100 100 100 100 100 100 100 -0.238 -0.238 -0.238 -0.238 -0.238 -0.238 -0.238 -0.376
P077 100 100 100 100 100 100 100 100 100 100 100 100 100 100 100 100 100 100 100 100 -0.853 -0.853 -0.636 -0.508 -0.552 -0.552 -0.552 -0.552
P076 100 100 100 100 100 100 100 100 100 100 100 100 100 100 100 100 100 100 100 100 -0.545 -0.545 -0.679 -0.679 -0.679 -0.679 -0.679 -0.679
P075 100 100 100 100 100 100 100 100 100 100 100 100 100 100 100 100 100 100 100 100 -0.853 -0.853 -0.853 -0.853 -0.853 -0.853 -0.853 -0.853
P138 100 100 100 100 100 100 100 100 100 100 100 100 100 100 100 100 100 100 100 100 100 100 -0.488 -0.488 -0.488 -0.488 -0.488 -0.488
P139 100 100 100 100 100 100 100 100 100 100 100 100 100 100 100 100 100 100 100 100 100 100 -0.205 -0.205 -0.205 -0.205 -0.205 -0.205
P140 100 100 100 100 100 100 100 100 100 100 100 100 100 100 100 100 100 100 100 100 100 100 -0.77 -0.77 -0.77 -0.77 -0.77 -0.77
P141 100 100 100 100 100 100 100 100 100 100 100 100 100 100 100 100 100 100 100 100 100 100 -0.488 -0.748 -0.655 -0.655 -0.655 -0.654
P142 100 100 100 100 100 100 100 100 100 100 100 100 100 100 100 100 100 100 100 100 100 100 0.643 0.643 0.643 0.643 0.643 0.227
P143 100 100 100 100 100 100 100 100 100 100 100 100 100 100 100 100 100 100 100 100 100 100 -0.77 -0.645 -0.645 -0.645 -0.645 -0.645
P200 100 100 100 100 100 100 100 100 100 100 100 100 100 100 100 100 100 100 100 100 100 100 100 0.094 0.094 0.094 0.094 -0.262
P098 100 100 100 100 100 100 100 100 100 100 100 100 100 100 100 100 100 100 100 100 100 100 100 0.718 0.718 0.718 0.509 0.346
P094 100 100 100 100 100 100 100 100 100 100 100 100 100 100 100 100 100 100 100 100 100 100 100 -0.531 -0.531 -0.531 -0.531 -0.531
P197 100 100 100 100 100 100 100 100 100 100 100 100 100 100 100 100 100 100 100 100 100 100 100 -0.876 -0.876 -0.876 -0.876 -0.876
P198 100 100 100 100 100 100 100 100 100 100 100 100 100 100 100 100 100 100 100 100 100 100 100 0.398 0.398 0.398 0.398 0.398
P199 100 100 100 100 100 100 100 100 100 100 100 100 100 100 100 100 100 100 100 100 100 100 100 -0.558 -0.558 -0.558 -0.558 -0.558
P202 100 100 100 100 100 100 100 100 100 100 100 100 100 100 100 100 100 100 100 100 100 100 100 100 -0.685 -0.685 -0.685 -0.486
P203 100 100 100 100 100 100 100 100 100 100 100 100 100 100 100 100 100 100 100 100 100 100 100 100 -0.685 -0.685 -0.685 -0.663
P204 100 100 100 100 100 100 100 100 100 100 100 100 100 100 100 100 100 100 100 100 100 100 100 100 -0.685 -0.685 -0.685 -0.685
P178 100 100 100 100 100 100 100 100 100 100 100 100 100 100 100 100 100 100 100 100 100 100 100 100 -0.685 -0.685 -0.685 -0.685
P205 100 100 100 100 100 100 100 100 100 100 100 100 100 100 100 100 100 100 100 100 100 100 100 100 -0.685 -0.685 -0.685 -0.685
P179 100 100 100 100 100 100 100 100 100 100 100 100 100 100 100 100 100 100 100 100 100 100 100 100 -0.685 -0.685 -0.685 -0.685
P210 100 100 100 100 100 100 100 100 100 100 100 100 100 100 100 100 100 100 100 100 100 100 100 100 100 100 -0.542 -0.467
P225 100 100 100 100 100 100 100 100 100 100 100 100 100 100 100 100 100 100 100 100 100 100 100 100 100 100 -0.542 -0.568
P223 100 100 100 100 100 100 100 100 100 100 100 100 100 100 100 100 100 100 100 100 100 100 100 100 100 100 0.284 0.295
P224 100 100 100 100 100 100 100 100 100 100 100 100 100 100 100 100 100 100 100 100 100 100 100 100 100 100 -0.542 -0.542
P226 100 100 100 100 100 100 100 100 100 100 100 100 100 100 100 100 100 100 100 100 100 100 100 100 100 100 -0.542 -0.494
P227 100 100 100 100 100 100 100 100 100 100 100 100 100 100 100 100 100 100 100 100 100 100 100 100 100 100 -0.335 -0.327
P231 100 100 100 100 100 100 100 100 100 100 100 100 100 100 100 100 100 100 100 100 100 100 100 100 100 100 0.284 -0.05
P213 100 100 100 100 100 100 100 100 100 100 100 100 100 100 100 100 100 100 100 100 100 100 100 100 100 100 100 -0.693
P232 100 100 100 100 100 100 100 100 100 100 100 100 100 100 100 100 100 100 100 100 100 100 100 100 100 100 100 -0.652
P208 100 100 100 100 100 100 100 100 100 100 100 100 100 100 100 100 100 100 100 100 100 100 100 100 100 100 100 -0.652
P186 100 100 100 100 100 100 100 100 100 100 100 100 100 100 100 100 100 100 100 100 100 100 100 100 100 100 100 -0.413
P233 100 100 100 100 100 100 100 100 100 100 100 100 100 100 100 100 100 100 100 100 100 100 100 100 100 100 100 -0.413
P079 100 100 100 100 100 100 100 100 100 100 100 100 100 100 100 100 100 100 100 100 100 100 100 100 100 100 100 -0.652
P214 100 100 100 100 100 100 100 100 100 100 100 100 100 100 100 100 100 100 100 100 100 100 100 100 100 100 100 -0.189