P062 0.624 0.624 0.351 0.351 0.288 0.288 0.636 0.386 0.386 0.177 0.23 0.186 0.084 0.18 0.18 0.058 0.096 0.096 0.096 0.096 0.096 0.096 0.096 0.096 0.374 0.374 0.358 0.358
P061 -0.315 -0.315 -0.238 -0.238 0.215 0.215 0.064 -0.139 -0.139 -0.144 -0.046 -0.138 -0.138 -0.198 -0.198 -0.198 -0.264 -0.264 -0.264 -0.264 -0.264 -0.264 -0.264 -0.264 -0.264 -0.264 -0.264 -0.264
P127 -1.169 -1.169 -1.372 -1.372 -1.22 -1.22 -1.22 -1.22 -1.22 -1.22 -1.22 -1.22 -1.22 -1.22 -1.22 -1.22 -1.22 -1.22 -1.22 -1.22 -1.22 -1.22 -1.22 -1.22 -1.22 -1.22 -1.22 -1.22
P086 -0.016 -0.016 -0.016 -0.016 -0.016 -0.016 -0.016 -0.016 -0.016 -0.016 -0.016 -0.016 -0.016 -0.016 -0.016 -0.016 -0.016 -0.016 -0.016 -0.016 -0.016 -0.016 -0.016 -0.016 -0.016 -0.016 -0.016 -0.016
P090 1.322 1.322 1.322 1.322 1.127 1.127 1.127 1.81 1.81 1.81 1.81 1.81 1.81 1.81 1.81 1.81 1.81 1.81 1.81 1.81 1.81 1.81 1.81 1.81 1.81 1.81 1.81 1.81
P051 -0.646 -0.646 -0.9 -0.9 -0.733 -0.733 -0.702 -0.444 -0.444 -0.666 -0.713 -0.733 -0.803 -0.791 -0.791 -0.777 -0.777 -0.777 -0.777 -0.841 -0.841 -0.841 -0.841 -0.901 -0.901 -0.901 -0.901 -0.901
P035 -1.152 -1.152 -0.974 -0.974 -0.924 -0.924 -0.712 -0.712 -0.712 -0.768 -0.866 -0.866 -0.856 -0.882 -0.882 -0.939 -0.939 -0.939 -0.939 -0.798 -0.793 -0.793 -0.793 -0.662 -0.697 -0.697 -0.556 -0.556
P017 -0.841 -0.841 -0.841 -0.841 -0.809 -0.809 -0.809 -1.176 -1.176 -1.088 -1.386 -1.386 -1.336 -1.336 -1.336 -1.174 -1.174 -1.174 -1.174 -1.168 -1.114 -1.114 -1.114 -1.114 -1.114 -1.114 -1.114 -1.114
P058 -0.902 -0.902 -0.804 -0.804 -0.804 -0.804 -0.023 -0.038 -0.038 0.127 0.433 0.406 0.406 0.158 0.158 0.158 0.042 0.042 0.042 0.042 0.042 0.042 0.042 0.042 0.042 0.042 0.042 0.042
P129 -0.357 -0.357 -0.357 -0.357 -0.357 -0.357 -0.357 -0.357 -0.357 -0.357 -0.357 -0.357 -0.357 -0.357 -0.357 -0.357 -0.357 -0.357 -0.357 -0.357 -0.357 -0.357 -0.357 -0.357 -0.357 -0.357 -0.357 -0.357
P124 0.817 0.817 0.817 0.817 0.817 0.817 0.817 0.817 0.817 0.817 0.817 0.817 0.817 -0.355 -0.355 -0.701 -0.701 -0.701 -0.701 -0.701 -0.701 -0.701 -0.701 -0.701 -0.701 -0.701 -0.701 -0.701
P036 1.364 1.364 1.414 1.414 1.414 1.414 1.383 1.383 1.383 1.203 1.347 1.347 1.521 1.414 1.414 1.475 1.475 1.475 1.475 1.621 1.628 1.628 1.628 1.628 1.865 1.865 1.917 1.917
P022 0.719 0.719 0.719 0.719 0.087 0.087 0.443 0.443 0.443 0.339 0.72 0.72 0.759 0.956 0.956 0.936 1.291 1.291 1.291 1.342 1.236 1.236 1.236 1.236 1.236 1.236 1.236 1.236
P012 -1.327 -1.327 -1.327 -1.327 -1.327 -1.327 -1.327 -0.637 -0.637 -0.535 -0.746 -0.681 -0.72 -0.849 -0.849 -0.849 -0.827 -0.827 -0.827 -0.932 -0.744 -0.744 -0.744 -0.829 -0.675 -0.675 -0.509 -0.509
P118 -1.186 -1.186 -1.186 -1.186 -0.987 -0.987 -0.965 -0.965 -0.965 -0.965 -0.965 -0.965 -0.965 -0.965 -0.965 -0.965 -0.965 -0.965 -0.965 -0.965 -0.965 -0.965 -0.965 0.09 0.09 0.09 -0.683 -0.683
P019 -0.756 -0.756 -0.756 -0.756 -0.29 -0.29 -0.29 -0.485 -0.485 -0.662 -0.662 -0.449 -0.465 -0.58 -0.58 -0.58 -0.664 -0.664 -0.664 -0.395 -0.256 -0.256 -0.256 -0.153 -0.092 -0.092 -0.272 -0.272
P011 -0.252 -0.252 -0.4 -0.4 -0.107 -0.107 -0.092 -0.357 -0.357 -0.443 -0.356 -0.238 -0.232 -0.246 -0.246 -0.274 -0.448 -0.448 -0.448 -0.529 -0.587 -0.587 -0.587 -0.513 -0.165 -0.165 -0.197 -0.197
P013 0.53 0.53 0.611 0.611 1.117 1.117 0.514 0.284 0.284 0.694 0.694 0.694 0.694 0.694 0.694 0.694 0.694 0.694 0.694 0.694 0.694 0.694 0.694 0.694 0.694 0.694 0.694 0.694
P014 0.948 0.948 -0.162 -0.162 0.186 0.186 0.707 0.971 0.971 0.857 0.857 0.857 0.423 0.423 0.423 0.423 0.423 0.423 0.423 0.423 0.423 0.423 0.423 0.423 0.423 0.423 0.423 0.423
P131 0.061 0.061 -0.549 -0.549 -0.549 -0.549 -0.549 -0.549 -0.549 -0.549 -0.549 -0.549 -0.549 -0.549 -0.549 -0.549 -0.549 -0.549 -0.549 -0.549 -0.549 -0.549 -0.549 -0.549 -0.549 -0.549 -0.549 -0.549
P010 -0.912 -0.912 -0.953 -0.953 -0.953 -0.953 -0.953 -0.607 -0.607 -0.567 -0.567 -0.721 -0.717 -0.77 -0.77 -0.896 -0.896 -0.896 -0.896 -0.896 -0.896 -0.896 -0.896 -0.896 -0.972 -0.972 -0.972 -0.972
P059 1.296 1.296 0.731 0.731 0.403 0.403 0.403 0.349 0.349 0.955 0.829 0.829 0.829 0.829 0.829 0.564 0.564 0.564 0.564 0.565 0.565 0.565 0.565 0.363 0.539 0.539 0.213 0.213
P052 -0.195 -0.195 -0.195 -0.195 -0.195 -0.195 -0.195 -0.195 -0.195 -0.144 -0.144 -0.144 -0.144 -0.144 -0.144 -0.144 -0.144 -0.144 -0.144 -0.144 -0.144 -0.144 -0.144 -0.144 -0.144 -0.144 -0.144 -0.144
P006 -0.795 -0.795 -0.795 -0.795 -0.795 -0.795 -0.533 -0.533 -0.533 -0.593 -0.258 -0.392 -0.392 -0.392 -0.392 -0.392 -0.392 -0.392 -0.392 -0.392 -0.392 -0.392 -0.392 -0.392 -0.392 -0.392 -0.392 -0.392
P066 0.757 0.757 0.534 0.534 0.449 0.449 0.449 0.665 0.665 0.665 0.665 0.665 0.665 0.665 0.665 0.665 0.665 0.665 0.665 0.665 0.665 0.665 0.665 0.665 0.665 0.665 0.665 0.665
P053 -0.231 -0.231 -0.251 -0.251 -0.36 -0.36 -0.235 -0.397 -0.397 -0.083 -0.154 -0.077 -0.198 -0.339 -0.339 -0.246 -0.192 -0.192 -0.192 -0.257 -0.252 -0.252 -0.252 -0.425 -0.467 -0.467 -0.525 -0.525
P029 0.864 0.864 0.165 0.165 0.165 0.165 0.165 0.329 0.329 0.5 0.564 0.728 0.547 0.521 0.521 0.366 0.366 0.366 0.366 0.413 0.298 0.298 0.298 -0.09 -0.304 -0.304 -0.052 -0.052
P057 -0.101 -0.101 0.047 0.047 0.437 0.437 0.031 -0.117 -0.117 -0.173 -0.213 -0.199 -0.173 -0.253 -0.253 -0.135 -0.135 -0.135 -0.135 -0.276 -0.312 -0.312 -0.312 -0.312 -0.149 -0.149 -0.091 -0.091
P049 0.421 0.421 0.275 0.275 0.479 0.479 0.603 0.751 0.751 0.381 0.296 0.296 0.449 0.338 0.338 0.182 0.235 0.235 0.235 0.018 0.349 0.349 0.349 0.351 0.351 0.351 0.49 0.49
P045 1.035 1.035 0.934 0.934 1.627 1.627 1.501 1.267 1.267 1.19 0.936 0.974 1.182 1.03 1.03 1.03 0.971 0.971 0.971 1.056 1.056 1.056 1.056 1.056 1.056 1.056 1.056 1.056
P074 1.747 1.747 2.181 2.181 2.335 2.335 2.142 1.864 1.864 2.106 2.224 2.224 2.065 1.954 1.954 1.712 1.626 1.626 1.626 1.932 1.932 1.932 1.932 1.932 1.932 1.932 1.932 1.932
P105 -0.464 -0.464 -0.464 -0.464 -0.464 -0.464 -0.464 -0.464 -0.464 -0.464 -0.464 -0.464 -0.464 -0.464 -0.464 -0.464 -0.464 -0.464 -0.464 -0.464 -0.464 -0.464 -0.464 -0.464 -0.464 -0.464 -0.688 -0.688
P025 -1.129 -1.129 -0.916 -0.916 -0.824 -0.824 -0.776 -0.716 -0.716 -0.29 -0.383 -0.383 -0.383 -0.383 -0.383 -0.383 -0.383 -0.383 -0.383 -0.49 -0.49 -0.49 -0.49 -0.506 -0.506 -0.506 -0.65 -0.65
P042 0.495 0.495 0.74 0.74 0.503 0.503 0.393 0.202 0.202 0.006 0.216 0.468 0.56 0.572 0.572 0.503 0.56 0.56 0.56 0.372 0.615 0.615 0.615 0.652 0.278 0.278 0.047 0.047
P032 -0.079 -0.079 -0.079 -0.079 -0.189 -0.189 -0.189 -0.189 -0.189 -0.252 -0.056 -0.223 -0.223 -0.254 -0.254 -0.254 -0.254 -0.254 -0.254 -0.18 -0.18 -0.18 -0.18 -0.071 -0.099 -0.099 0.038 0.038
P060 -0.541 -0.541 -0.252 -0.252 -0.252 -0.252 -0.252 -0.077 -0.077 -0.224 -0.312 -0.312 -0.312 -0.528 -0.528 -0.346 -0.39 -0.39 -0.39 -0.247 -0.05 -0.05 -0.05 0.038 -0.057 -0.057 -0.117 -0.117
P084 -0.62 -0.62 -0.547 -0.547 -0.652 -0.652 -0.801 -0.72 -0.72 -0.661 -0.65 -0.65 -0.65 -0.65 -0.65 -0.65 -0.65 -0.65 -0.65 -0.65 -0.65 -0.65 -0.65 -0.65 -0.65 -0.65 -0.65 -0.65
P018 -0.245 -0.245 -0.33 -0.33 -0.33 -0.33 -0.33 -0.33 -0.33 -0.33 -0.33 -0.33 -0.33 -0.33 -0.33 -0.33 -0.33 -0.33 -0.33 -0.33 -0.33 -0.33 -0.33 -0.33 -0.33 -0.33 -0.33 -0.33
P033 -1.053 -1.053 -0.947 -0.947 -0.624 -0.624 -0.777 -0.777 -0.777 -0.639 -0.721 -0.759 -0.712 -0.712 -0.712 -0.712 -0.589 -0.589 -0.589 -0.589 -0.589 -0.589 -0.589 -0.589 -0.589 -0.589 -0.589 -0.589
P044 -0.257 -0.257 -0.237 -0.237 -0.382 -0.382 -0.32 -0.32 -0.32 -0.468 -0.358 -0.111 -0.283 -0.272 -0.272 -0.272 -0.233 -0.233 -0.233 -0.243 -0.243 -0.243 -0.243 -0.45 0.167 0.167 -0.069 -0.069
P038 -1.166 -1.166 -1.166 -1.166 -1.185 -1.185 -1.185 -1.136 -1.136 -0.958 -0.958 -0.958 -0.837 -0.88 -0.88 -0.88 -0.88 -0.88 -0.88 -0.894 -0.788 -0.788 -0.788 -0.788 -0.879 -0.879 -0.905 -0.905
P041 -0.591 -0.591 -1.055 -1.055 -1.055 -1.055 -1.055 -0.767 -0.767 -0.832 -0.832 -0.911 -0.911 -0.911 -0.911 -0.911 -0.905 -0.905 -0.905 -0.905 -0.905 -0.905 -0.905 -0.905 -0.905 -0.905 -0.905 -0.905
P130 -0.811 -0.811 -0.811 -0.811 -0.811 -0.811 -0.811 -0.811 -0.811 -0.811 -0.811 -0.811 -0.811 -0.811 -0.811 -0.811 -0.811 -0.811 -0.811 -0.811 -0.811 -0.811 -0.811 -0.811 -0.811 -0.811 -0.811 -0.811
P001 1.475 1.475 1.217 1.217 1.217 1.217 1.046 1.046 1.046 0.768 0.888 0.934 0.815 0.833 0.833 1.043 1.043 1.043 1.043 1.14 1.132 1.132 1.132 1.217 1.317 1.317 1.493 1.493
P000 -0.058 -0.058 0.965 0.965 0.965 0.965 0.975 0.975 0.975 0.63 0.615 0.615 0.676 0.687 0.687 0.687 0.687 0.687 0.687 0.687 0.687 0.687 0.687 1.192 1.186 1.186 1.185 1.185
P144 -0.31 -0.31 -0.31 -0.31 -0.319 -0.319 -0.575 -0.575 -0.575 -0.2 -0.227 -0.227 -0.227 -0.227 -0.227 -0.227 -0.221 -0.221 -0.221 0.349 0.349 0.349 0.349 0.349 0.129 0.129 0.141 0.141
P078 -0.476 -0.476 -0.476 -0.476 -0.476 -0.476 -0.531 -0.531 -0.531 -0.531 -0.531 -0.531 -0.531 -0.531 -0.531 -0.531 -0.531 -0.531 -0.531 -0.531 -0.233 -0.233 -0.233 -0.233 -0.233 -0.233 -0.233 -0.233
P134 0.877 0.877 0.877 0.877 0.877 0.877 0.877 0.877 0.877 0.877 0.877 0.877 0.877 0.877 0.877 0.877 0.877 0.877 0.877 0.877 0.877 0.877 0.877 0.877 0.877 0.877 0.877 0.877
P054 -0.084 -0.084 0.816 0.816 0.676 0.676 0.502 0.548 0.548 0.46 0.581 0.581 0.515 0.515 0.515 0.38 0.271 0.271 0.271 0.468 0.522 0.522 0.522 0.396 0.48 0.48 0.523 0.523
P031 2.747 2.747 2.156 2.156 2.156 2.156 2.237 2.237 2.237 1.841 1.841 2.217 2.217 1.794 1.794 1.794 1.654 1.654 1.654 1.654 1.654 1.654 1.654 1.654 1.654 1.654 1.654 1.654
P048 0.76 0.76 1.09 1.09 0.57 0.57 0.282 0.394 0.394 -0.268 -0.284 -0.233 -0.145 -0.135 -0.135 -0.226 -0.165 -0.165 -0.165 -0.133 -0.133 -0.133 -0.133 -0.133 -0.133 -0.133 -0.133 -0.133
P115 100 100 -1.055 -1.055 -1.055 -1.055 -1.055 -1.055 -1.055 -1.055 -1.055 -1.055 -1.055 -1.055 -1.055 -1.055 -1.055 -1.055 -1.055 -0.599 -0.599 -0.599 -0.599 -0.599 -0.599 -0.599 -0.599 -0.599
P106 100 100 0.978 0.978 0.978 0.978 0.978 0.978 0.978 0.978 0.978 0.978 0.978 0.978 0.978 0.978 0.978 0.978 0.978 0.978 0.978 0.978 0.978 0.978 0.978 0.978 0.978 0.978
P024 100 100 -0.675 -0.675 -0.675 -0.675 -1.012 -1.06 -1.06 -1.006 -1.226 -1.22 -1.217 -1.217 -1.217 -1.217 -1.217 -1.217 -1.217 -1.217 -1.217 -1.217 -1.217 -1.217 -1.217 -1.217 -1.217 -1.217
P023 100 100 -0.627 -0.627 -0.423 -0.423 -0.423 -0.558 -0.558 -0.624 -0.624 -0.436 -0.436 -0.436 -0.436 -0.592 -0.592 -0.592 -0.592 -0.592 -0.592 -0.592 -0.592 -0.592 -0.592 -0.592 -0.592 -0.592
P055 100 100 0.194 0.194 0.517 0.517 0.376 0.376 0.376 0.376 0.376 0.276 0.106 0.106 0.106 0.335 0.2 0.2 0.2 0.49 0.49 0.49 0.49 0.621 0.621 0.621 0.453 0.453
P064 100 100 -0.843 -0.843 -0.805 -0.805 -0.922 -0.922 -0.922 -0.922 -0.677 -0.677 -0.694 -0.781 -0.781 -0.781 -0.682 -0.682 -0.682 -0.72 -0.651 -0.651 -0.651 -0.651 0.012 0.012 0.109 0.109
P004 100 100 -0.002 -0.002 0.122 0.122 -0.221 -0.262 -0.262 -0.421 -0.421 -0.193 -0.193 -0.047 -0.047 -0.047 -0.047 -0.047 -0.047 0.061 0.061 0.061 0.061 0.061 0.061 0.061 0.061 0.061
P135 100 100 100 100 0.25 0.25 0.25 0.25 0.25 0.25 -0.928 -0.928 -0.928 -0.928 -0.928 -0.928 -0.928 -0.928 -0.928 -0.928 -0.928 -0.928 -0.928 -0.928 -0.928 -0.928 -0.928 -0.928
P047 100 100 100 100 -0.496 -0.496 -0.496 0.131 0.131 -0.042 -0.25 -0.25 -0.381 -0.381 -0.381 -0.219 -0.219 -0.219 -0.219 0.235 0.235 0.235 0.235 0.228 0.228 0.228 0.228 0.228
P099 100 100 100 100 -1.515 -1.515 -1.515 -1.515 -1.515 -1.515 -1.515 -1.429 -1.429 -1.429 -1.429 -1.429 -1.429 -1.429 -1.429 -1.523 -1.523 -1.523 -1.523 -1.523 -1.523 -1.523 -1.523 -1.523
P097 100 100 100 100 -1.52 -1.52 -1.52 -1.52 -1.52 -1.52 -1.52 -1.355 -1.355 -1.355 -1.355 -1.355 -1.355 -1.355 -1.355 -1.466 -1.466 -1.466 -1.466 -1.466 -1.466 -1.466 -1.671 -1.671
P096 100 100 100 100 -0.751 -0.751 -0.751 -0.751 -0.751 -0.751 -0.751 -0.769 -0.769 -0.769 -0.769 -0.769 -0.769 -0.769 -0.769 -1.242 -1.242 -1.242 -1.242 -1.242 -1.242 -1.242 -1.242 -1.242
P067 100 100 100 100 -0.733 -0.733 -0.486 -0.486 -0.486 -0.51 -0.51 -0.854 -0.854 -0.854 -0.854 -0.854 -0.854 -0.854 -0.854 -0.381 -0.496 -0.496 -0.496 -0.601 -0.601 -0.601 -0.601 -0.601
P016 100 100 100 100 100 100 -0.915 -0.915 -0.915 -0.744 -0.744 -0.744 -0.614 -0.614 -0.614 -0.798 -0.798 -0.798 -0.798 -0.379 -0.495 -0.495 -0.495 -0.285 -0.192 -0.192 -0.399 -0.399
P026 100 100 100 100 100 100 -1.483 -1.482 -1.482 -1.472 -1.472 -0.958 -0.987 -0.992 -0.992 -0.98 -1.013 -1.013 -1.013 -0.999 -0.908 -0.908 -0.908 -0.908 -0.911 -0.911 -1.035 -1.035
P056 100 100 100 100 100 100 -1.278 -0.562 -0.562 -0.577 -0.683 -0.551 -0.583 -0.591 -0.591 -0.424 -0.48 -0.48 -0.48 -0.438 -0.438 -0.438 -0.438 -0.438 -0.339 -0.339 -0.31 -0.31
P034 100 100 100 100 100 100 0.771 1.668 1.668 2.078 2.078 1.714 1.934 1.936 1.936 1.936 1.438 1.438 1.438 1.295 1.226 1.226 1.226 1.289 1.359 1.359 1.266 1.266
P046 100 100 100 100 100 100 1.055 1.1 1.1 0.945 0.685 1.085 0.938 1.161 1.161 1.566 1.694 1.694 1.694 1.565 1.565 1.565 1.565 1.582 1.338 1.338 1.469 1.469
P043 100 100 100 100 100 100 -0.696 -0.696 -0.696 -0.109 -0.109 -0.109 -0.202 -0.202 -0.202 -0.202 -0.36 -0.36 -0.36 -0.36 -0.36 -0.36 -0.36 -0.36 -0.36 -0.36 -0.36 -0.36
P126 100 100 100 100 100 100 100 0.457 0.457 0.457 0.457 0.457 0.457 0.457 0.457 0.457 0.457 0.457 0.457 0.457 0.457 0.457 0.457 0.457 0.457 0.457 0.457 0.457
P008 100 100 100 100 100 100 100 -1.07 -1.07 -0.754 -0.505 -0.351 -0.351 -0.351 -0.351 -0.351 -0.351 -0.351 -0.351 -0.351 -0.351 -0.351 -0.351 -0.351 -0.351 -0.351 -0.351 -0.351
P021 100 100 100 100 100 100 100 0.151 0.151 0.249 0.361 0.361 0.465 0.465 0.465 0.465 0.465 0.465 0.465 0.465 0.465 0.465 0.465 0.465 0.465 0.465 0.465 0.465
P136 100 100 100 100 100 100 100 -0.969 -0.969 -0.969 -0.969 -0.969 -0.969 -0.969 -0.969 -0.969 -0.969 -0.969 -0.969 -0.969 -0.969 -0.969 -0.969 -0.969 -0.969 -0.969 -0.969 -0.969
P028 100 100 100 100 100 100 100 100 100 0.518 0.518 0.406 0.406 0.759 0.759 0.759 0.444 0.444 0.444 0.789 0.855 0.855 0.855 0.97 1.079 1.079 0.983 0.983
P005 100 100 100 100 100 100 100 100 100 -0.249 -0.481 -0.612 -0.61 -0.65 -0.65 -0.623 -0.603 -0.603 -0.603 -0.691 -0.691 -0.691 -0.691 -0.691 -0.28 -0.28 -0.379 -0.379
P002 100 100 100 100 100 100 100 100 100 -0.174 -0.174 -0.174 -0.174 -0.174 -0.174 -0.345 -0.436 -0.436 -0.436 -0.436 -0.491 -0.491 -0.491 -0.531 -0.629 -0.629 -0.641 -0.641
P063 100 100 100 100 100 100 100 100 100 -1.094 -1.094 -0.952 -0.952 -0.726 -0.726 -0.483 -0.483 -0.483 -0.483 -0.57 -0.57 -0.57 -0.57 -0.57 -0.75 -0.75 -0.75 -0.75
P125 100 100 100 100 100 100 100 100 100 100 0.519 0.519 0.519 0.519 0.519 0.519 0.519 0.519 0.519 0.519 0.519 0.519 0.519 0.519 0.519 0.519 0.519 0.519
P030 100 100 100 100 100 100 100 100 100 100 100 0.023 -0.086 -0.437 -0.437 -0.581 -0.692 -0.692 -0.692 -0.742 -0.766 -0.766 -0.766 -0.623 -0.623 -0.623 -0.623 -0.623
P009 100 100 100 100 100 100 100 100 100 100 100 0.066 0.004 0.057 0.057 0.026 -0.212 -0.212 -0.212 0.118 0.007 0.007 0.007 0.007 0.007 0.007 0.041 0.041
P133 100 100 100 100 100 100 100 100 100 100 100 -0.11 -0.11 -0.11 -0.11 -0.11 -0.11 -0.11 -0.11 -0.11 -0.11 -0.11 -0.11 -0.11 -0.11 -0.11 -0.11 -0.11
P020 100 100 100 100 100 100 100 100 100 100 100 100 2.117 2.291 2.291 1.981 2.149 2.149 2.149 1.398 1.418 1.418 1.418 1.53 1.674 1.674 1.849 1.849
P050 100 100 100 100 100 100 100 100 100 100 100 100 100 -0.552 -0.552 -0.205 0.257 0.257 0.257 0.42 0.785 0.785 0.785 0.71 1.031 1.031 0.827 0.827
P040 100 100 100 100 100 100 100 100 100 100 100 100 100 100 100 0.032 -0.147 -0.147 -0.147 0.281 0.335 0.335 0.335 0.224 -0.205 -0.205 -0.382 -0.382
P073 100 100 100 100 100 100 100 100 100 100 100 100 100 100 100 -0.847 -0.847 -0.847 -0.847 -0.847 -0.873 -0.873 -0.873 -0.935 -0.752 -0.752 -0.86 -0.86
P015 100 100 100 100 100 100 100 100 100 100 100 100 100 100 100 -1.204 -1.192 -1.192 -1.192 -1.229 -1.164 -1.164 -1.164 -1.101 -1.081 -1.081 -1.062 -1.062
P137 100 100 100 100 100 100 100 100 100 100 100 100 100 100 100 1.129 1.129 1.129 1.129 1.129 1.129 1.129 1.129 1.129 1.129 1.129 1.129 1.129
P065 100 100 100 100 100 100 100 100 100 100 100 100 100 100 100 2.188 1.731 1.731 1.731 1.204 1.204 1.204 1.204 1.204 1.204 1.204 1.204 1.204
P027 100 100 100 100 100 100 100 100 100 100 100 100 100 100 100 -1.012 -0.807 -0.807 -0.807 -1.015 -0.95 -0.95 -0.95 -0.95 -0.753 -0.753 -0.753 -0.753
P039 100 100 100 100 100 100 100 100 100 100 100 100 100 100 100 100 0.589 0.589 0.589 0.589 0.589 0.589 0.589 0.589 -0.313 -0.313 -0.313 -0.313
P075 100 100 100 100 100 100 100 100 100 100 100 100 100 100 100 100 -1.314 -1.314 -1.314 -1.314 -0.994 -0.994 -0.994 -0.994 -0.994 -0.994 -0.994 -0.994
P068 100 100 100 100 100 100 100 100 100 100 100 100 100 100 100 100 100 100 100 100 2.246 2.246 2.246 2.059 1.567 1.567 0.818 0.818
P069 100 100 100 100 100 100 100 100 100 100 100 100 100 100 100 100 100 100 100 100 -0.203 -0.203 -0.203 -0.203 -0.203 -0.203 -0.203 -0.203
P070 100 100 100 100 100 100 100 100 100 100 100 100 100 100 100 100 100 100 100 100 -0.45 -0.45 -0.45 -0.45 -0.45 -0.45 -0.45 -0.45
P071 100 100 100 100 100 100 100 100 100 100 100 100 100 100 100 100 100 100 100 100 -1.013 -1.013 -1.013 -0.593 -0.438 -0.438 -0.826 -0.826
P072 100 100 100 100 100 100 100 100 100 100 100 100 100 100 100 100 100 100 100 100 -1.081 -1.081 -1.081 -1.081 -1.081 -1.081 -1.081 -1.081
P077 100 100 100 100 100 100 100 100 100 100 100 100 100 100 100 100 100 100 100 100 -1.168 -1.168 -1.168 -1.351 -1.25 -1.25 -1.25 -1.25
P076 100 100 100 100 100 100 100 100 100 100 100 100 100 100 100 100 100 100 100 100 -1.202 -1.202 -1.202 -1.202 -1.202 -1.202 -1.202 -1.202
P143 100 100 100 100 100 100 100 100 100 100 100 100 100 100 100 100 100 100 100 100 100 100 100 -1.304 -1.304 -1.304 -1.304 -1.304
P141 100 100 100 100 100 100 100 100 100 100 100 100 100 100 100 100 100 100 100 100 100 100 100 -1.091 -0.836 -0.836 -0.827 -0.827
P200 100 100 100 100 100 100 100 100 100 100 100 100 100 100 100 100 100 100 100 100 100 100 100 -1.511 -1.511 -1.511 -1.511 -1.511
P098 100 100 100 100 100 100 100 100 100 100 100 100 100 100 100 100 100 100 100 100 100 100 100 0.94 0.937 0.937 1.254 1.254
P094 100 100 100 100 100 100 100 100 100 100 100 100 100 100 100 100 100 100 100 100 100 100 100 -0.284 -0.284 -0.284 -0.284 -0.284
P202 100 100 100 100 100 100 100 100 100 100 100 100 100 100 100 100 100 100 100 100 100 100 100 100 -0.9 -0.9 -1.111 -1.111
P203 100 100 100 100 100 100 100 100 100 100 100 100 100 100 100 100 100 100 100 100 100 100 100 100 -0.188 -0.188 -0.188 -0.188
P178 100 100 100 100 100 100 100 100 100 100 100 100 100 100 100 100 100 100 100 100 100 100 100 100 1.126 1.126 1.126 1.126
P204 100 100 100 100 100 100 100 100 100 100 100 100 100 100 100 100 100 100 100 100 100 100 100 100 0.829 0.829 0.829 0.829
P179 100 100 100 100 100 100 100 100 100 100 100 100 100 100 100 100 100 100 100 100 100 100 100 100 -0.857 -0.857 -0.857 -0.857
P205 100 100 100 100 100 100 100 100 100 100 100 100 100 100 100 100 100 100 100 100 100 100 100 100 -1.444 -1.444 -1.444 -1.444
P210 100 100 100 100 100 100 100 100 100 100 100 100 100 100 100 100 100 100 100 100 100 100 100 100 -0.436 -0.436 -0.17 -0.17
P213 100 100 100 100 100 100 100 100 100 100 100 100 100 100 100 100 100 100 100 100 100 100 100 100 0.674 0.674 0.519 0.519
P215 100 100 100 100 100 100 100 100 100 100 100 100 100 100 100 100 100 100 100 100 100 100 100 100 -1.088 -1.088 -1.088 -1.088
P216 100 100 100 100 100 100 100 100 100 100 100 100 100 100 100 100 100 100 100 100 100 100 100 100 -0.847 -0.847 -0.847 -0.847
P218 100 100 100 100 100 100 100 100 100 100 100 100 100 100 100 100 100 100 100 100 100 100 100 100 -1.068 -1.068 -1.068 -1.068
P217 100 100 100 100 100 100 100 100 100 100 100 100 100 100 100 100 100 100 100 100 100 100 100 100 -0.977 -0.977 -0.977 -0.977
P220 100 100 100 100 100 100 100 100 100 100 100 100 100 100 100 100 100 100 100 100 100 100 100 100 0.563 0.563 0.563 0.563
P219 100 100 100 100 100 100 100 100 100 100 100 100 100 100 100 100 100 100 100 100 100 100 100 100 0.641 0.641 0.641 0.641
P221 100 100 100 100 100 100 100 100 100 100 100 100 100 100 100 100 100 100 100 100 100 100 100 100 -0.031 -0.031 -0.031 -0.031
P145 100 100 100 100 100 100 100 100 100 100 100 100 100 100 100 100 100 100 100 100 100 100 100 100 -0.24 -0.24 -0.24 -0.24
P149 100 100 100 100 100 100 100 100 100 100 100 100 100 100 100 100 100 100 100 100 100 100 100 100 0.21 0.21 1.087 1.087
P222 100 100 100 100 100 100 100 100 100 100 100 100 100 100 100 100 100 100 100 100 100 100 100 100 -1.121 -1.121 -1.121 -1.121
P153 100 100 100 100 100 100 100 100 100 100 100 100 100 100 100 100 100 100 100 100 100 100 100 100 -1.453 -1.453 -1.453 -1.453
P225 100 100 100 100 100 100 100 100 100 100 100 100 100 100 100 100 100 100 100 100 100 100 100 100 100 100 -0.702 -0.702
P223 100 100 100 100 100 100 100 100 100 100 100 100 100 100 100 100 100 100 100 100 100 100 100 100 100 100 -0.165 -0.165
P224 100 100 100 100 100 100 100 100 100 100 100 100 100 100 100 100 100 100 100 100 100 100 100 100 100 100 -0.122 -0.122
P226 100 100 100 100 100 100 100 100 100 100 100 100 100 100 100 100 100 100 100 100 100 100 100 100 100 100 -1.095 -1.095
P227 100 100 100 100 100 100 100 100 100 100 100 100 100 100 100 100 100 100 100 100 100 100 100 100 100 100 0.731 0.731
P231 100 100 100 100 100 100 100 100 100 100 100 100 100 100 100 100 100 100 100 100 100 100 100 100 100 100 -0.299 -0.299
P214 100 100 100 100 100 100 100 100 100 100 100 100 100 100 100 100 100 100 100 100 100 100 100 100 100 100 1.869 1.869
P142 100 100 100 100 100 100 100 100 100 100 100 100 100 100 100 100 100 100 100 100 100 100 100 100 100 100 2.795 2.795
P139 100 100 100 100 100 100 100 100 100 100 100 100 100 100 100 100 100 100 100 100 100 100 100 100 100 100 0.381 0.381
P140 100 100 100 100 100 100 100 100 100 100 100 100 100 100 100 100 100 100 100 100 100 100 100 100 100 100 -0.069 -0.069