P131 1.167 1.167 -0.304 -0.304 -0.304 -0.304 -0.304 -0.304 -0.304 -0.304 -0.304 -0.304 -0.304 -0.304 -0.304 -0.304 -0.304 -0.304 -0.304 -0.304 -0.304 -0.304 -0.304 -0.304 -0.304 -0.304 -0.304 -0.304
P074 0.49 0.342 0.48 0.498 0.454 0.454 0.301 0.555 0.555 0.542 0.542 0.542 0.645 0.474 0.569 0.512 0.469 0.469 0.469 0.466 0.466 0.466 0.466 0.466 0.466 0.466 0.466 0.466
P013 1.107 0.974 0.904 1.043 1.326 1.326 1.341 1.365 1.365 1.596 1.596 1.596 1.596 1.596 1.596 1.596 1.596 1.596 1.596 1.596 1.596 1.596 1.596 1.596 1.596 1.596 1.596 1.596
P038 -0.988 -0.988 -0.988 -0.944 -0.425 -0.425 -0.425 -0.51 -0.51 -0.735 -0.735 -0.735 -0.74 -0.654 -0.732 -0.732 -0.732 -0.732 -0.732 -0.807 -0.739 -0.739 -0.739 -0.739 -0.72 -0.709 -0.746 -0.823
P051 -1.485 -0.964 -1.018 -1.023 -1.017 -1.028 -0.783 -0.768 -0.768 -0.894 -0.894 -0.846 -0.84 -0.872 -0.872 -0.785 -0.785 -0.785 -0.785 -0.851 -0.851 -0.851 -0.851 -0.65 -0.65 -0.811 -0.659 -0.85
P041 0.074 0.074 0.34 0.34 0.34 0.34 0.34 0.407 0.407 0.529 0.529 0.344 0.344 -0.033 -0.033 -0.033 0.08 0.08 0.08 0.08 0.08 0.08 0.08 0.08 0.08 0.08 0.08 0.08
P025 0.264 -0.159 0.073 0.209 0.046 0.046 0.133 0.333 0.333 0.333 0.333 0.333 0.333 0.464 0.464 0.464 0.464 0.464 0.464 0.077 0.077 0.077 0.077 -0.368 -0.368 -0.368 0.313 0.456
P042 1.063 0.832 0.826 0.566 0.636 0.836 0.983 0.818 0.818 0.818 0.818 0.775 0.933 1.188 1.094 0.871 0.81 0.81 0.81 0.944 0.866 0.866 0.866 0.893 0.826 1.025 0.872 0.971
P033 -0.235 -0.137 -0.404 -0.404 -0.206 -0.376 -0.193 -0.193 -0.193 -0.098 -0.098 0.048 -0.038 -0.038 -0.313 -0.313 -0.429 -0.429 -0.429 -0.429 -0.429 -0.429 -0.429 -0.429 -0.429 -0.429 -0.429 -0.429
P045 1.237 1.091 0.982 1.335 1.46 1.455 1.3 1.356 1.356 1.356 1.356 1.535 1.248 1.56 1.41 1.41 1.633 1.633 1.633 1.253 1.253 1.253 1.253 1.253 1.253 1.253 1.253 1.253
P049 0.251 0.251 0.514 0.205 0.383 0.376 0.298 0.351 0.351 0.166 0.166 0.166 0.077 0.094 0.106 0.003 0.074 0.074 0.074 0.211 0.239 0.239 0.239 0.07 0.07 -0.175 -0.276 0.254
P011 0.876 1.146 0.664 0.664 0.697 0.627 0.484 0.577 0.577 0.356 0.356 0.247 0.04 0.056 0.041 -0.133 -0.145 -0.145 -0.145 0.274 0.464 0.464 0.464 0.437 0.386 0.468 0.421 0.206
P035 -0.851 -1.101 -1.084 -1.066 -0.998 -0.955 -0.958 -0.958 -0.958 -0.958 -0.958 -0.958 -0.788 -0.681 -0.63 -0.394 -0.394 -0.394 -0.394 -0.496 -0.371 -0.371 -0.371 -0.073 -0.008 -0.008 -0.347 -0.337
P022 0.343 0.626 0.626 0.245 0.543 0.346 0.254 0.254 0.254 0.374 0.374 0.374 0.595 0.627 0.667 0.902 0.703 0.703 0.703 0.833 1.0 1.0 1.0 1.0 1.0 1.185 1.185 1.302
P057 -0.73 -0.319 -0.552 -0.61 -0.702 -0.702 -0.83 -0.714 -0.714 -0.714 -0.714 -0.745 -0.725 -0.665 -0.665 -0.76 -0.76 -0.76 -0.76 -0.741 -0.674 -0.674 -0.674 -0.674 -0.21 -0.461 -0.552 -0.552
P060 -0.879 -0.879 -0.987 -0.987 -0.987 -0.947 -0.947 -0.782 -0.782 -0.852 -0.852 -0.852 -0.852 -0.973 -0.973 -1.07 -1.016 -1.016 -1.016 -0.952 -0.968 -0.968 -0.968 -0.97 -0.93 -0.93 -0.777 -0.78
P130 -1.303 -1.303 -1.303 -1.303 -1.303 -1.286 -1.286 -1.286 -1.286 -1.286 -1.286 -1.286 -1.286 -1.246 -1.246 -1.246 -1.246 -1.246 -1.246 -1.246 -1.246 -1.246 -1.246 -1.246 -1.246 -1.246 -1.246 -1.246
P061 -0.253 0.02 0.139 0.453 0.482 0.698 0.848 0.746 0.746 0.691 0.691 0.612 0.612 0.29 0.29 0.29 0.568 0.568 0.568 0.568 0.568 0.568 0.568 0.568 0.568 0.568 0.568 0.128
P044 -0.754 -0.312 -0.369 -0.449 -0.543 -0.487 -0.271 -0.271 -0.271 -0.333 -0.333 -0.104 -0.058 0.132 0.133 0.133 0.173 0.173 0.173 0.061 0.061 0.061 0.061 0.201 0.247 0.075 -0.055 -0.211
P018 -0.438 -0.438 0.6 0.6 0.6 0.6 0.6 0.6 0.6 0.6 0.6 0.6 0.6 0.6 0.6 0.6 0.6 0.6 0.6 0.6 0.6 0.6 0.6 0.6 0.6 0.6 0.6 0.6
P066 0.779 -0.332 -0.003 -0.003 0.202 0.202 0.202 -0.153 -0.153 -0.153 -0.153 -0.153 -0.153 -0.153 -0.153 -0.153 -0.153 -0.153 -0.153 -0.153 -0.153 -0.153 -0.153 -0.153 -0.153 -0.153 -0.153 -0.153
P053 -1.2 -0.786 -0.917 -0.548 -0.181 -0.235 -0.276 -0.342 -0.342 -0.434 -0.434 -0.527 -0.148 0.12 0.023 -0.164 -0.092 -0.092 -0.092 -0.2 0.048 0.048 0.048 -0.105 0.0 -0.066 -0.173 -0.315
P000 0.146 -0.216 0.018 0.018 0.018 -0.144 0.062 0.062 0.062 -0.273 -0.273 -0.273 -0.243 0.125 0.348 0.348 0.348 0.348 0.348 0.348 0.348 0.348 0.348 0.113 0.113 0.113 0.434 0.824
P001 1.107 1.158 1.263 1.263 1.263 1.223 1.244 1.244 1.244 1.244 1.244 1.334 0.799 0.663 0.663 0.96 0.96 0.96 0.96 0.983 1.104 1.104 1.104 1.079 1.523 1.295 1.231 0.794
P144 -0.559 -0.559 -0.559 0.026 -0.184 -0.184 0.022 0.022 0.022 -0.194 -0.194 -0.194 -0.194 0.272 0.372 0.372 0.347 0.347 0.347 0.467 0.467 0.467 0.467 0.467 0.24 0.24 0.165 0.509
P036 -0.742 -0.742 0.026 -0.151 -0.151 -0.131 -0.298 -0.298 -0.298 0.007 0.007 0.007 -0.243 -0.446 -0.336 0.024 0.024 0.024 0.024 0.149 0.127 0.127 0.127 0.127 -0.127 -0.199 -0.335 -0.335
P058 0.694 0.694 0.345 0.196 0.196 0.196 0.563 0.216 0.216 0.29 0.29 0.403 0.403 0.097 0.064 0.064 -0.002 -0.002 -0.002 -0.002 -0.002 -0.002 -0.002 -0.002 -0.002 -0.002 -0.002 -0.002
P127 -1.118 -1.347 -1.358 -1.358 -1.273 -1.25 -1.25 -1.25 -1.25 -1.25 -1.25 -1.25 -1.25 -1.25 -1.25 -1.25 -1.25 -1.25 -1.25 -1.25 -1.25 -1.25 -1.25 -1.25 -1.25 -1.25 -1.25 -1.25
P054 0.705 0.705 1.02 0.446 0.257 0.257 0.399 0.085 0.085 0.114 0.114 0.114 -0.13 0.154 0.154 0.358 0.222 0.222 0.222 -0.099 0.111 0.111 0.111 0.41 0.522 0.522 0.822 0.682
P078 -0.758 -0.9 -0.9 -0.894 -0.894 -0.894 -0.828 -0.828 -0.828 -0.828 -0.828 -0.828 -0.828 -0.482 -0.482 -0.482 -0.482 -0.482 -0.482 -0.482 -0.592 -0.592 -0.592 -0.592 -0.592 -0.592 -0.592 -0.592
P090 -0.272 0.179 0.179 0.672 0.468 0.608 0.608 0.874 0.874 0.874 0.874 0.874 0.874 0.874 0.874 0.874 0.874 0.874 0.874 0.874 0.874 0.874 0.874 0.874 0.874 0.874 0.874 0.874
P134 0.712 0.712 0.712 0.712 0.712 1.268 1.268 1.268 1.268 1.268 1.268 1.268 1.268 1.268 1.268 1.268 1.268 1.268 1.268 1.268 1.268 1.268 1.268 1.268 1.268 1.268 1.268 1.268
P118 -1.046 -1.086 -1.086 -1.054 -1.073 -1.073 -1.155 -1.155 -1.155 -1.155 -1.155 -1.155 -1.155 -1.155 -1.155 -1.155 -1.155 -1.155 -1.155 -1.155 -1.155 -1.155 -1.155 -1.23 -1.23 -1.23 -1.095 -1.053
P019 -0.056 0.194 0.194 -0.072 -0.332 -0.023 -0.023 -0.074 -0.074 -0.074 -0.074 -0.226 -0.178 -0.292 -0.292 -0.292 -0.136 -0.136 -0.136 0.049 -0.046 -0.046 -0.046 0.171 0.097 0.168 0.233 0.268
P032 0.916 1.0 1.0 1.0 0.209 -0.204 -0.204 -0.204 -0.204 -0.42 -0.42 -0.29 -0.29 -0.164 -0.164 -0.164 -0.164 -0.164 -0.164 -0.021 -0.021 -0.021 -0.021 0.092 0.354 0.38 -0.091 -0.091
P031 2.941 2.63 2.162 2.021 2.021 2.098 1.686 1.686 1.686 1.774 1.774 1.621 1.621 1.348 1.476 1.476 1.097 1.097 1.097 1.097 1.097 1.097 1.097 1.097 1.097 1.097 1.097 1.097
P059 1.515 1.515 1.08 1.08 0.981 0.742 0.742 0.673 0.673 0.361 0.361 0.361 0.361 0.59 0.59 0.469 0.469 0.469 0.469 0.332 0.332 0.332 0.332 0.078 0.414 0.523 0.36 0.36
P084 -0.894 -0.946 -0.98 -0.87 -0.82 -0.872 -0.897 -0.828 -0.828 -0.741 -0.741 -0.741 -0.741 -0.741 -0.741 -0.741 -0.741 -0.741 -0.741 -0.741 -0.741 -0.741 -0.741 -0.741 -0.741 -0.741 -0.741 -0.741
P062 0.239 0.282 0.31 0.243 0.384 0.126 -0.101 -0.248 -0.248 0.091 0.091 0.207 0.272 0.364 0.364 0.536 0.558 0.558 0.558 0.558 0.558 0.558 0.558 0.558 0.265 0.262 0.335 0.529
P048 -0.064 -0.006 -0.166 -0.166 0.298 0.334 0.571 0.485 0.485 0.545 0.545 0.597 0.973 0.632 0.632 0.64 0.524 0.524 0.524 0.295 0.295 0.295 0.295 0.295 0.295 0.295 0.295 0.295
P010 0.102 0.102 -0.355 -0.379 -0.379 -0.571 -0.571 -0.367 -0.367 -0.225 -0.225 -0.411 -0.54 -0.684 -0.684 -0.794 -0.794 -0.794 -0.794 -0.794 -0.794 -0.794 -0.794 -0.794 -0.905 -0.905 -0.905 -0.905
P029 0.813 1.168 1.096 1.112 1.112 1.223 1.223 1.479 1.479 1.299 1.299 1.066 1.231 1.215 1.395 1.623 1.623 1.623 1.623 1.144 1.033 1.033 1.033 0.707 0.933 0.858 0.825 1.094
P014 0.437 0.187 0.573 0.827 0.965 0.965 1.182 1.116 1.116 1.101 1.101 1.101 0.61 0.61 0.61 0.61 0.61 0.61 0.61 0.61 0.61 0.61 0.61 0.61 0.61 0.61 0.61 0.61
P043 -1.182 0.051 0.051 0.051 0.051 -0.163 -0.154 -0.154 -0.154 -0.154 -0.154 -0.154 0.096 -0.197 -0.197 -0.197 -0.177 -0.177 -0.177 -0.177 -0.177 -0.177 -0.177 -0.177 -0.177 -0.177 -0.177 -0.177
P109 -0.615 -0.615 -0.615 -0.615 -0.615 -0.615 -0.615 -0.615 -0.615 -0.615 -0.615 -0.615 -0.615 -0.615 -0.615 -0.615 -0.615 -0.615 -0.615 -0.615 -0.615 -0.615 -0.615 -0.615 -0.615 -0.615 -0.615 -0.615
P126 -1.017 -1.017 -1.017 -1.017 -1.017 -1.017 -1.017 -0.778 -0.778 -0.778 -0.778 -0.778 -0.778 -0.778 -0.778 -0.778 -0.778 -0.778 -0.778 -0.778 -0.778 -0.778 -0.778 -0.778 -0.778 -0.778 -0.778 -0.778
P096 -0.556 -1.095 -1.095 -1.095 -1.165 -1.165 -1.165 -1.165 -1.165 -1.165 -1.165 -1.035 -1.035 -0.708 -0.708 -0.708 -0.708 -0.708 -0.708 -0.838 -0.838 -0.838 -0.838 -0.838 -0.838 -0.838 -0.838 -0.838
P067 -0.08 0.201 0.201 0.201 -0.28 -0.28 -0.283 -0.283 -0.283 -0.283 -0.283 -0.669 -0.669 -0.5 -0.137 -0.137 -0.137 -0.137 -0.137 -0.097 -0.082 -0.082 -0.082 0.136 0.136 -0.214 -0.214 -0.214
P099 -0.662 -0.662 -0.662 -0.662 -0.616 -0.616 -0.616 -0.616 -0.616 -0.616 -0.616 -1.051 -1.051 -1.051 -1.051 -1.051 -1.051 -1.051 -1.051 -0.901 -0.901 -0.901 -0.901 -0.901 -0.901 -0.901 -0.901 -0.901
P097 -1.443 -1.443 -1.443 -1.443 -1.296 -1.296 -1.296 -1.296 -1.296 -1.296 -1.296 -1.308 -1.308 -1.344 -1.344 -1.344 -1.344 -1.344 -1.344 -1.212 -1.212 -1.212 -1.212 -1.212 -1.212 -1.212 -1.094 -1.094
P125 -1.099 -1.099 -1.099 -0.893 -0.893 -0.893 -0.893 -0.893 -0.893 -0.893 -0.893 -0.893 -0.893 -0.893 -0.893 -0.893 -0.893 -0.893 -0.893 -0.893 -0.893 -0.893 -0.893 -0.893 -0.893 -0.893 -0.893 -0.893
P006 1.013 1.013 1.013 0.954 0.954 0.954 0.35 0.35 0.35 0.139 0.139 -0.082 -0.082 -0.179 -0.436 -0.436 -0.436 -0.436 -0.436 -0.436 -0.436 -0.436 -0.436 -0.436 -0.436 -0.436 -0.436 -0.436
P064 100 -1.327 -1.239 -1.239 -1.135 -0.986 -1.06 -1.06 -1.06 -1.06 -1.06 -1.06 -0.991 -0.94 -0.94 -0.94 -0.691 -0.691 -0.691 -0.667 -0.672 -0.672 -0.672 -0.672 -0.619 -0.619 -0.794 -0.794
P124 100 0.928 0.928 1.456 1.456 0.883 0.883 0.883 0.883 0.883 0.883 0.883 0.883 0.205 0.205 0.026 0.026 0.026 0.026 0.026 0.026 0.026 0.026 0.026 0.026 -0.26 -0.26 -0.26
P023 100 -0.392 -0.243 -0.243 -0.185 -0.099 -0.099 -0.12 -0.12 -0.377 -0.377 0.079 0.079 0.146 0.146 -0.125 -0.125 -0.125 -0.125 -0.125 -0.125 -0.125 -0.125 -0.125 -0.125 -0.125 -0.125 0.074
P132 100 -1.251 -1.251 -1.251 -1.251 -1.251 -1.251 -1.251 -1.251 -1.251 -1.251 -1.251 -1.251 -1.251 -1.251 -1.251 -1.251 -1.251 -1.251 -1.251 -1.251 -1.251 -1.251 -1.251 -1.251 -1.251 -1.251 -1.251
P017 100 -0.143 -0.143 -0.452 -0.667 -0.362 -0.362 -0.591 -0.591 -0.591 -0.591 -0.591 -0.62 -0.62 -0.679 -0.711 -0.711 -0.711 -0.711 -0.804 -0.874 -0.874 -0.874 -0.874 -0.874 -0.874 -0.874 -0.874
P100 100 -1.206 -1.206 -1.013 -1.013 -1.013 -1.013 -1.013 -1.013 -1.013 -1.013 -1.013 -1.013 -1.013 -1.013 -1.013 -1.013 -1.013 -1.013 -1.013 -1.013 -1.013 -1.013 -1.013 -1.013 -1.013 -1.013 -1.013
P055 100 -1.084 -0.684 -0.684 0.037 0.33 0.019 0.019 0.019 0.019 0.019 0.169 0.014 0.256 0.374 0.252 0.439 0.439 0.439 0.9 0.9 0.9 0.9 0.902 0.902 0.902 1.601 1.34
P012 100 0.014 0.014 -0.498 -0.498 -0.526 -0.526 -0.127 -0.127 -0.226 -0.226 -0.355 -0.333 -0.436 -0.164 -0.164 -0.232 -0.232 -0.232 -0.205 -0.295 -0.295 -0.295 -0.098 -0.013 -0.013 0.23 0.23
P115 100 100 -1.262 -1.262 -1.262 -1.262 -1.262 -1.262 -1.262 -1.262 -1.262 -1.262 -1.262 -1.262 -1.262 -1.262 -1.262 -1.262 -1.262 -1.35 -1.35 -1.35 -1.35 -1.35 -1.35 -1.35 -1.35 -1.35
P106 100 100 -0.367 -0.367 -0.367 -0.367 -0.367 -0.367 -0.367 -0.367 -0.367 -0.367 -0.367 -0.367 -0.367 -0.367 -0.367 -0.367 -0.367 -0.367 -0.367 -0.367 -0.367 -0.367 -0.367 -0.367 -0.367 -0.367
P024 100 100 -1.352 -1.352 -1.352 -1.352 -1.347 -1.365 -1.365 -1.301 -1.301 -1.139 -1.02 -0.987 -0.987 -0.987 -0.987 -0.987 -0.987 -0.987 -0.987 -0.987 -0.987 -0.987 -0.987 -0.987 -0.987 -0.987
P004 100 100 -0.266 -0.266 -0.566 -0.644 -0.365 -0.055 -0.055 -0.055 -0.055 0.123 0.123 -0.115 -0.115 -0.115 -0.115 -0.115 -0.115 -0.166 -0.166 -0.166 -0.166 -0.166 -0.166 -0.166 -0.166 -0.166
P168 100 100 100 -0.254 -0.254 -0.254 -0.254 -0.254 -0.254 -0.254 -0.254 -0.254 -0.254 -0.254 -0.254 -0.254 -0.254 -0.254 -0.254 -0.254 -0.254 -0.254 -0.254 -0.254 -0.254 -0.254 -0.254 -0.254
P047 100 100 100 -0.168 -0.268 -0.299 -0.299 -0.508 -0.508 -0.557 -0.557 -0.557 0.002 0.002 -0.254 0.065 0.065 0.065 0.065 -0.164 -0.164 -0.164 -0.164 0.113 0.113 0.113 0.113 0.113
P034 100 100 100 0.732 0.732 0.732 0.42 0.291 0.291 0.561 0.561 0.908 1.201 1.137 1.237 1.237 1.255 1.255 1.255 1.122 0.937 0.937 0.937 1.205 1.064 1.084 1.199 1.257
P008 100 100 100 -0.818 -0.818 -0.818 -0.818 -0.955 -0.955 -0.955 -0.955 -0.806 -0.806 -0.788 -0.788 -0.788 -0.788 -0.788 -0.788 -0.788 -0.788 -0.788 -0.788 -0.788 -0.788 -0.788 -0.788 -0.788
P117 100 100 100 -0.94 -0.94 -0.94 -0.94 -0.94 -0.94 -0.94 -0.94 -0.94 -0.94 -0.94 -0.94 -0.94 -0.94 -0.94 -0.94 -0.94 -0.94 -0.94 -0.94 -0.94 -0.94 -0.94 -0.94 -0.94
P107 100 100 100 -1.113 -1.113 -1.113 -1.113 -1.113 -1.113 -1.113 -1.113 -1.113 -1.113 -1.113 -1.113 -1.113 -1.113 -1.113 -1.113 -1.113 -1.113 -1.113 -1.113 -1.113 -1.113 -1.113 -1.113 -1.113
P135 100 100 100 100 -0.715 -0.715 -0.715 -0.715 -0.715 -0.715 -0.715 -0.715 -0.715 -0.715 -0.715 -0.715 -0.715 -0.715 -0.715 -0.715 -0.715 -0.715 -0.715 -0.715 -0.715 -0.715 -0.715 -0.715
P046 100 100 100 100 100 0.526 0.515 0.782 0.782 0.765 0.765 1.232 1.088 1.342 1.111 1.085 1.054 1.054 1.054 1.276 1.276 1.276 1.276 1.164 0.915 0.89 0.776 0.656
P016 100 100 100 100 100 -1.136 -1.138 -1.138 -1.138 -1.138 -1.138 -1.138 -0.944 -0.944 -1.036 -0.926 -0.926 -0.926 -0.926 -0.764 -0.672 -0.672 -0.672 -0.821 -0.821 -0.915 -0.858 -0.912
P026 100 100 100 100 100 -1.001 -1.361 -1.188 -1.188 -1.268 -1.268 -1.125 -1.102 -1.037 -1.109 -0.81 -0.801 -0.801 -0.801 -0.884 -0.94 -0.94 -0.94 -0.94 -1.008 -0.765 -0.758 -0.881
P056 100 100 100 100 100 100 -1.308 -1.225 -1.225 -1.225 -1.225 -1.227 -1.058 -1.088 -1.126 -0.897 -1.057 -1.057 -1.057 -0.984 -0.984 -0.984 -0.984 -0.984 -0.808 -0.882 -0.556 -0.556
P136 100 100 100 100 100 100 100 -1.098 -1.098 -1.098 -1.098 -1.098 -1.098 -1.098 -1.098 -1.098 -1.098 -1.098 -1.098 -1.098 -1.098 -1.098 -1.098 -1.098 -1.098 -1.098 -1.098 -1.098
P021 100 100 100 100 100 100 100 -0.919 -0.919 -0.228 -0.228 -0.228 -0.249 -0.249 -0.249 -0.249 -0.249 -0.249 -0.249 -0.249 -0.249 -0.249 -0.249 -0.249 -0.249 -0.249 -0.249 -0.249
P052 100 100 100 100 100 100 100 100 100 -0.801 -0.801 -0.801 -0.801 -0.977 -1.004 -1.004 -1.004 -1.004 -1.004 -1.004 -1.004 -1.004 -1.004 -1.004 -1.004 -1.004 -1.004 -1.004
P028 100 100 100 100 100 100 100 100 100 1.525 1.525 1.385 1.385 0.465 0.331 0.331 0.319 0.319 0.319 0.881 0.757 0.757 0.757 0.816 0.888 0.888 1.1 1.253
P005 100 100 100 100 100 100 100 100 100 -0.023 -0.023 -0.477 -0.545 -0.711 -0.711 -0.663 -0.706 -0.706 -0.706 -0.696 -0.696 -0.696 -0.696 -0.696 -0.696 -0.964 -0.912 -0.968
P002 100 100 100 100 100 100 100 100 100 -1.079 -1.079 -1.079 -1.079 -1.079 -0.522 -0.444 -0.76 -0.76 -0.76 -0.089 -0.061 -0.061 -0.061 0.266 0.065 0.065 0.308 0.22
P009 100 100 100 100 100 100 100 100 100 100 100 -0.554 -0.815 -0.357 -0.124 -0.258 -0.47 -0.47 -0.47 -0.628 -0.405 -0.405 -0.405 -0.405 -0.405 -0.294 -0.412 -0.611
P030 100 100 100 100 100 100 100 100 100 100 100 -0.401 -0.361 -0.651 -0.651 -0.866 -0.957 -0.957 -0.957 -0.933 -0.918 -0.918 -0.918 -0.731 -0.731 -0.817 -0.817 -0.817
P063 100 100 100 100 100 100 100 100 100 100 100 -1.238 -1.238 -0.794 -0.641 -0.655 -0.655 -0.655 -0.655 -0.612 -0.612 -0.612 -0.612 -0.612 -0.612 -0.612 -0.612 -0.83
P133 100 100 100 100 100 100 100 100 100 100 100 -0.614 -0.614 -0.614 -0.614 -0.614 -0.614 -0.614 -0.614 -0.614 -0.614 -0.614 -0.614 -0.614 -0.614 -0.614 -0.614 -0.614
P020 100 100 100 100 100 100 100 100 100 100 100 100 1.265 1.659 1.802 1.635 1.838 1.838 1.838 1.831 1.878 1.878 1.878 1.668 1.482 1.503 1.338 1.471
P079 100 100 100 100 100 100 100 100 100 100 100 100 100 -1.006 -1.006 -1.006 -1.006 -1.006 -1.006 -1.006 -1.006 -1.006 -1.006 -1.006 -1.006 -1.006 -1.006 -0.998
P050 100 100 100 100 100 100 100 100 100 100 100 100 100 -0.066 -0.373 -0.298 -0.18 -0.18 -0.18 0.082 0.386 0.386 0.386 0.571 0.69 0.64 0.377 0.509
P137 100 100 100 100 100 100 100 100 100 100 100 100 100 100 -0.912 -0.15 -0.15 -0.15 -0.15 -0.15 -0.15 -0.15 -0.15 -0.15 -0.15 -0.15 -0.15 -0.15
P039 100 100 100 100 100 100 100 100 100 100 100 100 100 100 -0.814 -0.814 -0.514 -0.514 -0.514 -0.514 -0.514 -0.514 -0.514 -0.514 -0.343 -0.343 -0.343 -0.343
P073 100 100 100 100 100 100 100 100 100 100 100 100 100 100 -1.117 -0.91 -0.91 -0.91 -0.91 -0.91 -0.633 -0.633 -0.633 -0.832 -0.948 -0.948 -0.781 -0.625
P065 100 100 100 100 100 100 100 100 100 100 100 100 100 100 0.096 0.112 0.42 0.42 0.42 0.524 0.524 0.524 0.524 0.524 0.524 0.524 0.524 0.524
P015 100 100 100 100 100 100 100 100 100 100 100 100 100 100 -1.351 -1.18 -1.247 -1.247 -1.247 -1.277 -1.198 -1.198 -1.198 -1.306 -1.306 -1.23 -1.297 -1.146
P040 100 100 100 100 100 100 100 100 100 100 100 100 100 100 100 0.143 0.097 0.097 0.097 0.53 0.26 0.26 0.26 -0.053 -0.053 0.278 0.669 0.669
P027 100 100 100 100 100 100 100 100 100 100 100 100 100 100 100 -0.872 -1.023 -1.023 -1.023 -0.945 -1.0 -1.0 -1.0 -1.0 -1.0 -1.0 -1.0 -1.274
P075 100 100 100 100 100 100 100 100 100 100 100 100 100 100 100 100 -1.502 -1.502 -1.502 -1.502 -0.822 -0.822 -0.822 -0.822 -0.822 -0.687 -0.687 -0.687
P068 100 100 100 100 100 100 100 100 100 100 100 100 100 100 100 100 100 100 100 100 0.957 0.957 0.957 0.636 1.216 1.526 1.795 1.582
P069 100 100 100 100 100 100 100 100 100 100 100 100 100 100 100 100 100 100 100 100 -1.473 -1.473 -1.473 -1.473 -1.473 -1.473 -1.473 -1.473
P070 100 100 100 100 100 100 100 100 100 100 100 100 100 100 100 100 100 100 100 100 -0.812 -0.812 -0.812 -0.812 -0.812 -0.812 -0.812 -0.812
P071 100 100 100 100 100 100 100 100 100 100 100 100 100 100 100 100 100 100 100 100 -0.617 -0.617 -0.617 -1.053 -0.81 -0.81 -0.844 -0.844
P072 100 100 100 100 100 100 100 100 100 100 100 100 100 100 100 100 100 100 100 100 2.227 2.227 2.227 2.227 2.227 2.227 2.227 0.368
P076 100 100 100 100 100 100 100 100 100 100 100 100 100 100 100 100 100 100 100 100 -1.065 -1.065 -1.065 -1.065 -1.065 -1.065 -1.065 -1.065
P077 100 100 100 100 100 100 100 100 100 100 100 100 100 100 100 100 100 100 100 100 -1.226 -1.226 -1.226 -1.172 -1.131 -1.131 -1.131 -1.131
P141 100 100 100 100 100 100 100 100 100 100 100 100 100 100 100 100 100 100 100 100 100 100 100 -1.434 -1.311 -1.311 -1.298 -1.253
P143 100 100 100 100 100 100 100 100 100 100 100 100 100 100 100 100 100 100 100 100 100 100 100 -1.324 -1.324 -1.324 -1.324 -1.324
P200 100 100 100 100 100 100 100 100 100 100 100 100 100 100 100 100 100 100 100 100 100 100 100 0.817 0.817 0.817 0.817 0.296
P098 100 100 100 100 100 100 100 100 100 100 100 100 100 100 100 100 100 100 100 100 100 100 100 0.328 0.328 0.353 -0.133 0.369
P094 100 100 100 100 100 100 100 100 100 100 100 100 100 100 100 100 100 100 100 100 100 100 100 -1.283 -1.283 -1.283 -1.283 -1.283
P202 100 100 100 100 100 100 100 100 100 100 100 100 100 100 100 100 100 100 100 100 100 100 100 100 -1.161 -0.914 -0.921 -0.999
P203 100 100 100 100 100 100 100 100 100 100 100 100 100 100 100 100 100 100 100 100 100 100 100 100 -1.064 -1.064 -1.064 -1.094
P178 100 100 100 100 100 100 100 100 100 100 100 100 100 100 100 100 100 100 100 100 100 100 100 100 -0.645 -0.645 -0.645 -0.645
P179 100 100 100 100 100 100 100 100 100 100 100 100 100 100 100 100 100 100 100 100 100 100 100 100 -0.64 -0.64 -0.64 -0.64
P204 100 100 100 100 100 100 100 100 100 100 100 100 100 100 100 100 100 100 100 100 100 100 100 100 -1.077 -1.077 -1.077 -1.077
P205 100 100 100 100 100 100 100 100 100 100 100 100 100 100 100 100 100 100 100 100 100 100 100 100 -1.138 -1.138 -1.138 -1.138
P223 100 100 100 100 100 100 100 100 100 100 100 100 100 100 100 100 100 100 100 100 100 100 100 100 100 -0.956 -0.175 0.421
P224 100 100 100 100 100 100 100 100 100 100 100 100 100 100 100 100 100 100 100 100 100 100 100 100 100 1.323 0.889 0.889
P225 100 100 100 100 100 100 100 100 100 100 100 100 100 100 100 100 100 100 100 100 100 100 100 100 100 -1.345 -1.15 -1.11
P105 100 100 100 100 100 100 100 100 100 100 100 100 100 100 100 100 100 100 100 100 100 100 100 100 100 -1.392 -1.257 -1.257
P226 100 100 100 100 100 100 100 100 100 100 100 100 100 100 100 100 100 100 100 100 100 100 100 100 100 -0.03 -0.408 -0.33
P227 100 100 100 100 100 100 100 100 100 100 100 100 100 100 100 100 100 100 100 100 100 100 100 100 100 1.483 1.496 0.666
P210 100 100 100 100 100 100 100 100 100 100 100 100 100 100 100 100 100 100 100 100 100 100 100 100 100 100 -0.783 -0.322
P231 100 100 100 100 100 100 100 100 100 100 100 100 100 100 100 100 100 100 100 100 100 100 100 100 100 100 0.276 0.167
P214 100 100 100 100 100 100 100 100 100 100 100 100 100 100 100 100 100 100 100 100 100 100 100 100 100 100 0.455 0.006
P142 100 100 100 100 100 100 100 100 100 100 100 100 100 100 100 100 100 100 100 100 100 100 100 100 100 100 -0.219 0.461
P149 100 100 100 100 100 100 100 100 100 100 100 100 100 100 100 100 100 100 100 100 100 100 100 100 100 100 1.504 1.504
P213 100 100 100 100 100 100 100 100 100 100 100 100 100 100 100 100 100 100 100 100 100 100 100 100 100 100 0.382 -0.304
P139 100 100 100 100 100 100 100 100 100 100 100 100 100 100 100 100 100 100 100 100 100 100 100 100 100 100 -0.811 -0.811
P140 100 100 100 100 100 100 100 100 100 100 100 100 100 100 100 100 100 100 100 100 100 100 100 100 100 100 -1.162 -1.162
P232 100 100 100 100 100 100 100 100 100 100 100 100 100 100 100 100 100 100 100 100 100 100 100 100 100 100 100 -0.954
P208 100 100 100 100 100 100 100 100 100 100 100 100 100 100 100 100 100 100 100 100 100 100 100 100 100 100 100 -0.795
P186 100 100 100 100 100 100 100 100 100 100 100 100 100 100 100 100 100 100 100 100 100 100 100 100 100 100 100 -0.435
P233 100 100 100 100 100 100 100 100 100 100 100 100 100 100 100 100 100 100 100 100 100 100 100 100 100 100 100 0.895