P062 -1.046 -1.046 -1.046 -0.957 -0.957 -0.849 -0.91 -0.701 -0.701 -0.362 -0.362 -0.362 -0.294 -0.294 -0.294 -0.294 -0.294 0.07 0.07 0.07 0.129 0.129 0.129 0.129 0.204 0.204 0.605 0.605
P061 0.008 0.008 0.008 0.685 0.685 0.743 0.825 1.117 0.968 0.968 0.968 0.968 0.968 0.968 0.968 0.968 0.968 0.968 0.968 0.968 0.968 0.968 0.968 0.968 0.968 0.968 0.968 0.968
P127 -1.216 -1.216 -1.216 -1.216 -1.216 -1.481 -1.481 -1.481 -1.481 -1.481 -1.481 -1.481 -1.481 -1.481 -1.481 -1.481 -1.481 -1.481 -1.481 -1.481 -1.481 -1.481 -1.481 -1.481 -1.481 -1.481 -1.481 -1.481
P086 0.936 0.936 0.936 0.936 0.936 0.936 0.936 0.936 0.936 0.936 0.936 0.936 0.936 0.936 0.936 0.936 0.936 -1.362 -1.362 -1.362 -1.362 -1.362 -1.362 -1.362 -1.362 -1.362 -1.362 -1.362
P090 1.617 1.617 1.617 1.058 1.058 1.35 1.35 1.341 1.372 1.372 1.372 1.372 1.372 1.372 1.372 1.372 1.372 1.372 1.372 1.372 1.372 1.372 1.372 1.372 1.372 1.372 1.372 1.372
P051 -0.61 -0.61 -0.61 -0.313 -0.313 -0.665 -0.768 -0.868 -0.84 -0.928 -0.928 -0.928 -0.968 -0.968 -0.968 -0.968 -0.968 -0.792 -0.792 -0.482 -0.486 -0.486 -0.486 -0.486 -0.486 -0.486 -0.776 -0.776
P035 -0.995 -0.995 -0.995 -0.648 -0.648 -0.752 -0.545 -0.545 -0.535 -0.556 -0.556 -0.556 -0.487 -0.487 -0.598 -0.598 -0.598 -0.67 -0.67 -0.544 -0.634 -0.634 -0.634 -0.634 -0.491 -0.491 -0.336 -0.336
P017 -0.581 -0.581 -0.581 -1.371 -1.371 -1.274 -1.274 -1.388 -1.309 -1.361 -1.361 -1.361 -1.377 -1.377 -1.487 -1.487 -1.487 -1.034 -1.034 -1.034 -0.855 -0.855 -0.855 -0.855 -0.855 -0.855 -0.855 -0.855
P058 -1.029 -1.029 -1.029 -0.804 -0.804 -0.804 -0.984 -0.931 -0.568 -0.416 -0.416 -0.416 -0.416 -0.416 -0.14 -0.14 -0.14 -0.14 -0.14 -0.14 -0.14 -0.14 -0.14 -0.14 -0.14 -0.14 -0.14 -0.14
P129 0.179 0.179 0.179 0.179 0.179 0.179 0.179 0.179 0.179 0.179 0.179 0.179 0.179 0.179 0.179 0.179 0.179 0.179 0.179 0.179 0.179 0.179 0.179 0.179 0.179 0.179 0.179 0.179
P124 0.51 0.51 0.51 -0.584 -0.584 0.134 0.134 0.134 0.476 0.476 0.476 0.476 0.476 0.476 0.476 0.476 0.476 0.476 0.476 0.476 0.476 0.476 0.476 0.476 0.476 0.476 0.476 0.476
P036 0.515 0.515 0.515 0.478 0.478 0.779 0.638 0.638 0.638 0.638 0.638 0.638 0.832 0.832 0.259 0.259 0.259 0.259 0.259 -0.006 0.297 0.297 0.297 0.297 0.255 0.255 0.255 0.255
P022 1.391 1.391 1.391 1.033 1.033 0.82 1.257 1.257 1.257 1.331 1.331 1.331 1.099 1.099 1.043 1.043 1.043 1.519 1.519 1.61 1.61 1.61 1.61 1.61 1.61 1.61 1.61 1.61
P012 -1.228 -1.228 -1.228 -1.167 -1.167 -0.872 -0.872 -0.997 -0.701 -0.701 -0.701 -0.701 -0.778 -0.778 -0.743 -0.743 -0.743 -0.743 -0.743 -0.631 -0.631 -0.631 -0.631 -0.631 -1.045 -1.045 -1.045 -1.045
P118 -1.098 -1.098 -1.098 -1.327 -1.327 -1.327 -1.102 -1.102 -1.102 -1.102 -1.102 -1.102 -1.102 -1.102 -1.102 -1.102 -1.102 -1.102 -1.102 -1.102 -1.102 -1.102 -1.102 -1.102 -1.102 -1.102 -1.102 -1.102
P019 -0.939 -0.939 -0.939 -1.362 -1.362 -1.063 -1.063 -1.335 -1.509 -1.389 -1.389 -1.389 -1.132 -1.132 -1.132 -1.132 -1.132 -1.132 -1.132 -1.152 -1.152 -1.152 -1.152 -1.152 -0.728 -0.728 -0.924 -0.924
P011 0.383 0.383 0.383 0.383 0.383 0.463 0.242 0.362 0.269 0.397 0.397 0.397 0.078 0.078 0.076 0.076 0.076 -0.133 -0.133 -0.108 -0.108 -0.108 -0.108 -0.108 -0.078 -0.078 0.379 0.379
P013 2.691 2.691 2.691 2.21 2.21 2.21 1.827 1.397 1.486 1.486 1.486 1.486 1.486 1.486 1.486 1.486 1.486 1.486 1.486 1.486 1.486 1.486 1.486 1.486 1.486 1.486 1.486 1.486
P014 -0.309 -0.309 -0.309 0.55 0.55 0.55 0.797 0.812 0.812 0.812 0.812 0.812 0.472 0.472 0.472 0.472 0.472 0.472 0.472 0.472 0.472 0.472 0.472 0.472 0.472 0.472 0.472 0.472
P131 -0.715 -0.715 -0.715 -0.715 -0.715 -0.715 -0.715 -0.715 -0.715 -0.715 -0.715 -0.715 -0.715 -0.715 -0.715 -0.715 -0.715 -0.715 -0.715 -0.715 -0.715 -0.715 -0.715 -0.715 -0.715 -0.715 -0.715 -0.715
P010 -0.527 -0.527 -0.527 -0.38 -0.38 -0.321 -0.321 -0.673 -0.673 -0.673 -0.673 -0.673 -0.865 -0.865 -0.865 -0.865 -0.865 -0.865 -0.865 -0.865 -0.865 -0.865 -0.865 -0.865 0.465 0.465 0.465 0.465
P059 0.805 0.805 0.805 0.805 0.805 0.35 0.35 0.278 0.278 0.278 0.278 0.278 0.278 0.278 0.278 0.278 0.278 0.278 0.278 0.278 0.144 0.144 0.144 0.144 0.793 0.793 0.437 0.437
P052 -0.053 -0.053 -0.053 -0.053 -0.053 -0.053 -0.053 -0.053 -0.053 -0.053 -0.053 -0.053 -0.053 -0.053 -0.772 -0.772 -0.772 -0.621 -0.621 -0.621 -0.621 -0.621 -0.621 -0.621 -0.621 -0.621 -0.621 -0.621
P006 -0.751 -0.751 -0.751 -0.775 -0.775 -0.775 -0.982 -0.982 -1.108 -1.108 -1.108 -1.108 -1.108 -1.108 -0.227 -0.227 -0.227 -0.613 -0.613 -0.613 -0.613 -0.613 -0.613 -0.613 -0.613 -0.613 -0.613 -0.613
P066 0.953 0.953 0.953 0.679 0.679 0.679 0.679 0.364 0.364 0.364 0.364 0.364 0.364 0.364 0.364 0.364 0.364 0.364 0.364 0.364 0.364 0.364 0.364 0.364 0.364 0.364 0.364 0.364
P053 0.137 0.137 0.137 0.275 0.275 0.3 0.29 0.206 0.246 0.31 0.31 0.31 0.122 0.122 -0.079 -0.079 -0.079 -0.03 -0.03 0.195 0.259 0.259 0.259 0.259 0.603 0.603 0.703 0.703
P029 -0.412 -0.412 -0.412 -0.168 -0.168 -0.293 -0.293 -0.041 -0.041 0.115 0.115 0.115 -0.032 -0.032 0.312 0.312 0.312 0.312 0.312 0.217 0.44 0.44 0.44 0.44 0.541 0.541 0.541 0.541
P057 -0.53 -0.53 -0.53 -0.974 -0.974 -0.974 -1.24 -0.951 -0.819 -1.102 -1.102 -1.102 -1.238 -1.238 -1.238 -1.238 -1.238 -0.78 -0.78 -0.78 -0.78 -0.78 -0.78 -0.78 -0.782 -0.782 -0.782 -0.782
P049 0.213 0.213 0.213 0.087 0.087 0.097 0.168 0.153 0.539 0.409 0.409 0.409 0.609 0.609 0.325 0.325 0.325 0.325 0.325 0.184 0.184 0.184 0.184 0.184 0.184 0.184 0.184 0.184
P045 0.482 0.482 0.482 0.509 0.509 0.812 0.84 0.718 0.788 0.919 0.919 0.919 0.832 0.832 0.569 0.569 0.569 0.808 0.808 0.808 0.808 0.808 0.808 0.808 0.808 0.808 0.808 0.808
P074 1.328 1.328 1.328 1.4 1.4 1.4 1.032 0.969 1.183 1.043 1.043 1.043 1.105 1.105 1.487 1.487 1.487 1.557 1.557 1.557 1.557 1.557 1.557 1.557 1.557 1.557 1.557 1.557
P105 -1.104 -1.104 -1.104 -1.104 -1.104 -1.104 -1.104 -1.104 -1.104 -1.104 -1.104 -1.104 -1.104 -1.104 -1.104 -1.104 -1.104 -1.104 -1.104 -1.104 -1.104 -1.104 -1.104 -1.104 -1.104 -1.104 -1.104 -1.104
P025 0.905 0.905 0.905 0.775 0.775 0.775 0.45 0.327 0.327 0.175 0.175 0.175 0.175 0.175 0.175 0.175 0.175 0.175 0.175 -0.195 -0.195 -0.195 -0.195 -0.195 -0.195 -0.195 -0.701 -0.701
P042 0.463 0.463 0.463 0.612 0.612 0.681 0.886 0.975 0.747 0.895 0.895 0.895 0.78 0.78 0.596 0.596 0.596 0.682 0.682 0.682 0.682 0.682 0.682 0.682 0.302 0.302 -0.246 -0.246
P032 -0.789 -0.789 -0.789 -0.789 -0.789 -0.297 -0.297 -0.297 0.121 0.121 0.121 0.121 0.121 0.121 0.121 0.121 0.121 -0.117 -0.117 -0.305 0.116 0.116 0.116 0.116 0.35 0.35 0.182 0.182
P060 -0.454 -0.454 -0.454 -0.454 -0.454 -0.196 -0.196 -0.261 -0.261 -0.261 -0.261 -0.261 -0.261 -0.261 -0.261 -0.261 -0.261 0.427 0.427 -0.062 -0.062 -0.062 -0.062 -0.062 -0.104 -0.104 -0.077 -0.077
P084 -0.621 -0.621 -0.621 -0.282 -0.282 -0.105 -0.149 -0.008 0.087 0.1 0.1 0.1 0.1 0.1 0.1 0.1 0.1 0.1 0.1 0.1 0.1 0.1 0.1 0.1 0.1 0.1 0.1 0.1
P018 1.172 1.172 1.172 1.172 1.172 1.172 1.172 1.172 1.172 1.172 1.172 1.172 1.172 1.172 1.172 1.172 1.172 1.172 1.172 1.172 1.172 1.172 1.172 1.172 1.172 1.172 1.172 1.172
P033 -0.286 -0.286 -0.286 -0.286 -0.286 -0.125 -0.178 -0.178 -0.178 -0.507 -0.507 -0.507 -0.298 -0.298 -0.239 -0.239 -0.239 -0.239 -0.239 -0.239 -0.239 -0.239 -0.239 -0.239 -0.239 -0.239 -0.239 -0.239
P044 0.359 0.359 0.359 0.408 0.408 0.116 0.376 0.376 0.193 0.271 0.271 0.271 0.252 0.252 0.074 0.074 0.074 0.074 0.074 0.155 0.155 0.155 0.155 0.155 0.414 0.414 -0.091 -0.091
P038 -0.176 -0.176 -0.176 -0.77 -0.77 -0.77 -0.77 -0.515 -0.515 -0.515 -0.515 -0.515 -0.603 -0.603 -1.198 -1.198 -1.198 -1.208 -1.208 -1.433 -1.433 -1.433 -1.433 -1.433 -1.042 -1.042 -1.042 -1.042
P041 -0.717 -0.717 -0.717 -0.717 -0.717 -0.717 -0.717 -0.978 -1.21 -1.005 -1.005 -1.005 -1.005 -1.005 -1.005 -1.005 -1.005 -1.005 -1.005 -1.005 -0.231 -0.231 -0.231 -0.231 -0.231 -0.231 -0.231 -0.231
P130 -1.009 -1.009 -1.009 -1.009 -1.009 -1.063 -1.063 -1.063 -0.807 -0.807 -0.807 -0.807 -0.807 -0.807 -0.807 -0.807 -0.807 -0.807 -0.807 -0.807 -0.807 -0.807 -0.807 -0.807 -0.807 -0.807 -0.807 -0.807
P001 -0.014 -0.014 -0.014 -0.014 -0.014 0.721 0.937 0.937 0.928 0.933 0.933 0.933 1.052 1.052 1.052 1.052 1.052 0.621 0.621 0.797 1.253 1.253 1.253 1.253 1.509 1.509 1.18 1.18
P000 0.184 0.184 0.184 0.184 0.184 0.578 0.279 0.279 0.279 0.291 0.291 0.291 0.503 0.503 0.57 0.57 0.57 0.467 0.467 0.467 0.593 0.593 0.593 0.593 0.601 0.601 0.692 0.692
P144 -0.715 -0.715 -0.715 -0.386 -0.386 -0.386 -0.557 -0.557 -0.557 -0.557 -0.557 -0.557 -0.557 -0.557 0.041 0.041 0.041 0.041 0.041 -0.053 -0.158 -0.158 -0.158 -0.158 0.031 0.031 0.031 0.031
P078 -0.8 -0.8 -0.8 -0.261 -0.261 -0.261 0.098 0.098 0.098 0.098 0.098 0.098 0.098 0.098 0.098 0.098 0.098 0.098 0.098 0.098 0.098 0.098 0.098 0.098 0.098 0.098 0.098 0.098
P134 0.375 0.375 0.375 0.375 0.375 0.063 0.063 0.063 0.063 0.063 0.063 0.063 0.063 0.063 0.063 0.063 0.063 -0.132 -0.132 -0.132 -0.132 -0.132 -0.132 -0.132 -0.132 -0.132 -0.132 -0.132
P054 0.079 0.079 0.079 -0.046 -0.046 -0.046 -0.204 0.342 0.097 0.121 0.121 0.121 0.055 0.055 0.055 0.055 0.055 0.055 0.055 0.233 0.233 0.233 0.233 0.233 0.603 0.603 0.603 0.603
P031 0.577 0.577 0.577 1.39 1.39 1.363 0.935 0.935 0.935 1.093 1.093 1.093 1.093 1.093 1.12 1.12 1.12 0.73 0.73 0.73 0.73 0.73 0.73 0.73 0.73 0.73 0.73 0.73
P048 0.131 0.131 0.131 0.131 0.131 0.138 0.05 -0.192 -0.145 -0.022 -0.022 -0.022 0.099 0.099 0.099 0.099 0.099 -0.085 -0.085 0.102 0.102 0.102 0.102 0.102 0.102 0.102 0.102 0.102
P043 -0.403 -0.403 -0.403 -0.403 -0.403 0.322 0.707 0.707 0.707 0.61 0.61 0.61 0.889 0.889 0.889 0.889 0.889 0.889 0.889 0.889 0.889 0.889 0.889 0.889 0.889 0.889 0.889 0.889
P109 -1.299 -1.299 -1.299 -1.299 -1.299 -1.299 -1.299 -1.299 -1.299 -1.299 -1.299 -1.299 -1.299 -1.299 -1.299 -1.299 -1.299 -1.299 -1.299 -1.299 -1.299 -1.299 -1.299 -1.299 -1.299 -1.299 -1.299 -1.299
P126 0.89 0.89 0.89 0.89 0.89 0.89 0.89 0.979 0.979 0.979 0.979 0.979 0.979 0.979 0.979 0.979 0.979 0.979 0.979 0.979 0.979 0.979 0.979 0.979 0.979 0.979 0.979 0.979
P096 -1.619 -1.619 -1.619 -1.619 -1.619 -1.619 -1.619 -1.619 -1.619 -1.619 -1.619 -1.619 -1.619 -1.619 -1.619 -1.619 -1.619 -1.619 -1.619 0.189 0.189 0.189 0.189 0.189 0.189 0.189 0.189 0.189
P067 -1.143 -1.143 -1.143 -1.143 -1.143 -1.143 0.018 0.018 0.237 -0.252 -0.252 -0.252 -0.252 -0.252 0.191 0.191 0.191 0.191 0.191 0.276 0.276 0.276 0.276 0.276 0.276 0.276 0.276 0.276
P097 -1.731 -1.731 -1.731 -1.731 -1.731 -1.731 -1.731 -1.731 -1.731 -1.731 -1.731 -1.731 -1.731 -1.731 -1.731 -1.731 -1.731 -1.731 -1.731 -2.028 -2.028 -2.028 -2.028 -2.028 -2.028 -2.028 -2.028 -2.028
P099 -1.083 -1.083 -1.083 -1.083 -1.083 -1.083 -1.083 -1.083 -1.083 -1.083 -1.083 -1.083 -1.083 -1.083 -1.083 -1.083 -1.083 -1.083 -1.083 -1.083 -1.083 -1.083 -1.083 -1.083 -1.083 -1.083 -1.083 -1.083
P125 0.474 0.474 0.474 0.495 0.495 0.495 0.495 0.495 0.117 0.117 0.117 0.117 0.117 0.117 0.117 0.117 0.117 0.117 0.117 0.117 0.117 0.117 0.117 0.117 0.117 0.117 0.117 0.117
P047 100 100 100 -0.288 -0.288 -0.057 -0.057 0.448 0.448 0.448 0.448 0.448 1.057 1.057 0.41 0.41 0.41 -0.13 -0.13 0.358 0.358 0.358 0.358 0.358 0.358 0.358 0.358 0.358
P034 100 100 100 1.158 1.158 1.158 0.727 0.481 0.284 0.662 0.662 0.662 0.708 0.708 0.597 0.597 0.597 0.944 0.944 0.754 0.834 0.834 0.834 0.834 0.603 0.603 0.593 0.593
P008 100 100 100 1.034 1.034 1.034 1.034 1.112 -0.02 -0.1 -0.1 -0.1 -0.1 -0.1 -0.1 -0.1 -0.1 -0.1 -0.1 -0.1 -0.1 -0.1 -0.1 -0.1 -0.1 -0.1 -0.1 -0.1
P117 100 100 100 -1.024 -1.024 -1.024 -1.024 -1.024 -1.024 -1.024 -1.024 -1.024 -1.024 -1.024 -1.024 -1.024 -1.024 -1.024 -1.024 -1.024 -1.024 -1.024 -1.024 -1.024 -1.024 -1.024 -1.024 -1.024
P107 100 100 100 -0.762 -0.762 -0.762 -0.762 -0.762 -0.762 -0.762 -0.762 -0.762 -0.762 -0.762 -0.762 -0.762 -0.762 -0.762 -0.762 -0.762 -0.762 -0.762 -0.762 -0.762 -0.762 -0.762 -0.762 -0.762
P100 100 100 100 -0.809 -0.809 -0.809 -0.809 -0.809 -0.809 -0.809 -0.809 -0.809 -0.809 -0.809 -0.809 -0.809 -0.809 -0.809 -0.809 -0.809 -0.809 -0.809 -0.809 -0.809 -0.809 -0.809 -0.809 -0.809
P064 100 100 100 100 100 -1.101 -0.826 -0.826 -1.101 -0.834 -0.834 -0.834 -1.084 -1.084 -1.084 -1.084 -1.084 -0.422 -0.422 -0.07 0.139 0.139 0.139 0.139 0.342 0.342 0.14 0.14
P046 100 100 100 100 100 1.355 1.264 1.419 1.419 1.541 1.541 1.541 1.41 1.41 1.562 1.562 1.562 1.418 1.418 1.442 1.595 1.595 1.595 1.595 1.518 1.518 1.532 1.532
P016 100 100 100 100 100 -0.748 -1.476 -1.476 -1.395 -1.383 -1.383 -1.383 -1.406 -1.406 -0.723 -0.723 -0.723 -0.723 -0.723 -0.659 -0.564 -0.564 -0.564 -0.564 -0.78 -0.78 -0.387 -0.387
P026 100 100 100 100 100 -1.946 -1.252 -1.316 -1.109 -1.156 -1.156 -1.156 -0.822 -0.822 -0.995 -0.995 -0.995 -1.192 -1.192 -1.192 -1.192 -1.192 -1.192 -1.192 -0.976 -0.976 -0.723 -0.723
P023 100 100 100 100 100 -1.438 -1.438 -0.823 -0.823 -0.823 -0.823 -0.823 -0.823 -0.823 -0.823 -0.823 -0.823 -0.358 -0.358 -0.358 0.02 0.02 0.02 0.02 0.02 0.02 0.02 0.02
P004 100 100 100 100 100 -0.527 -0.664 -0.418 -0.418 -0.045 -0.045 -0.045 -0.045 -0.045 -0.045 -0.045 -0.045 -0.351 -0.351 -0.351 -0.351 -0.351 -0.351 -0.351 -0.351 -0.351 -0.351 -0.351
P055 100 100 100 100 100 -0.579 -0.346 -0.346 0.028 0.028 0.028 0.028 -0.211 -0.211 -0.046 -0.046 -0.046 -0.046 -0.046 -0.018 0.023 0.023 0.023 0.023 0.023 0.023 0.032 0.032
P056 100 100 100 100 100 100 -0.237 -0.31 -0.059 -0.39 -0.39 -0.39 -0.737 -0.737 -0.773 -0.773 -0.773 -0.773 -0.773 -0.949 -1.194 -1.194 -1.194 -1.194 -0.822 -0.822 -0.837 -0.837
P024 100 100 100 100 100 100 -1.343 -1.237 -0.46 -0.46 -0.46 -0.46 -0.454 -0.454 -0.454 -0.454 -0.454 -0.454 -0.454 -0.454 -0.454 -0.454 -0.454 -0.454 -0.454 -0.454 -0.454 -0.454
P021 100 100 100 100 100 100 100 -0.439 0.236 0.352 0.352 0.352 0.823 0.823 0.823 0.823 0.823 0.823 0.823 0.823 0.823 0.823 0.823 0.823 0.823 0.823 0.823 0.823
P136 100 100 100 100 100 100 100 -0.654 -0.911 -0.911 -0.911 -0.911 -0.911 -0.911 -0.911 -0.911 -0.911 -0.911 -0.911 -0.911 -0.911 -0.911 -0.911 -0.911 -0.911 -0.911 -0.911 -0.911
P005 100 100 100 100 100 100 100 100 -0.52 -0.511 -0.511 -0.511 -0.647 -0.647 -0.647 -0.647 -0.647 -0.813 -0.813 -0.192 -0.138 -0.138 -0.138 -0.138 0.122 0.122 -0.551 -0.551
P028 100 100 100 100 100 100 100 100 100 0.226 0.226 0.226 0.226 0.226 0.346 0.346 0.346 0.28 0.28 -0.054 0.457 0.457 0.457 0.457 0.504 0.504 0.713 0.713
P063 100 100 100 100 100 100 100 100 100 -1.234 -1.234 -1.234 -1.234 -1.234 -0.188 -0.188 -0.188 -0.186 -0.186 -0.426 0.024 0.024 0.024 0.024 -0.082 -0.082 -0.082 -0.082
P002 100 100 100 100 100 100 100 100 100 -1.319 -1.319 -1.319 -1.319 -1.319 -0.28 -0.28 -0.28 -0.28 -0.28 -0.103 -0.103 -0.103 -0.103 -0.103 -0.354 -0.354 -0.354 -0.354
P030 100 100 100 100 100 100 100 100 100 100 100 100 -0.235 -0.235 -0.235 -0.235 -0.235 -0.235 -0.235 -1.086 -1.086 -1.086 -1.086 -1.086 -1.086 -1.086 -1.086 -1.086
P020 100 100 100 100 100 100 100 100 100 100 100 100 1.182 1.182 0.371 0.371 0.371 0.39 0.39 0.771 0.771 0.771 0.771 0.771 1.455 1.455 1.455 1.455
P009 100 100 100 100 100 100 100 100 100 100 100 100 0.375 0.375 -0.415 -0.415 -0.415 -0.415 -0.415 0.964 0.964 0.964 0.964 0.964 0.964 0.964 0.476 0.476
P050 100 100 100 100 100 100 100 100 100 100 100 100 100 100 0.498 0.498 0.498 0.742 0.742 0.742 0.742 0.742 0.742 0.742 0.245 0.245 0.893 0.893
P137 100 100 100 100 100 100 100 100 100 100 100 100 100 100 0.626 0.626 0.626 0.626 0.626 0.626 0.626 0.626 0.626 0.626 0.626 0.626 0.626 0.626
P039 100 100 100 100 100 100 100 100 100 100 100 100 100 100 0.036 0.036 0.036 -0.096 -0.096 -0.096 -0.096 -0.096 -0.096 -0.096 -0.297 -0.297 -0.297 -0.297
P073 100 100 100 100 100 100 100 100 100 100 100 100 100 100 -1.59 -1.59 -1.59 -1.59 -1.59 -1.59 -1.59 -1.59 -1.59 -1.59 1.133 1.133 1.133 1.133
P065 100 100 100 100 100 100 100 100 100 100 100 100 100 100 0.609 0.609 0.609 0.742 0.742 0.742 0.977 0.977 0.977 0.977 0.977 0.977 0.977 0.977
P015 100 100 100 100 100 100 100 100 100 100 100 100 100 100 -0.259 -0.259 -0.259 -0.259 -0.259 -0.857 -0.953 -0.953 -0.953 -0.953 -0.791 -0.791 -0.791 -0.791
P027 100 100 100 100 100 100 100 100 100 100 100 100 100 100 100 100 100 -0.087 -0.087 -0.395 -0.272 -0.272 -0.272 -0.272 -0.448 -0.448 -0.448 -0.448
P120 100 100 100 100 100 100 100 100 100 100 100 100 100 100 100 100 100 -1.221 -1.221 -1.221 -1.221 -1.221 -1.221 -1.221 -1.221 -1.221 -1.221 -1.221
P121 100 100 100 100 100 100 100 100 100 100 100 100 100 100 100 100 100 -1.505 -1.505 -1.505 -1.505 -1.505 -1.505 -1.505 -1.505 -1.505 -1.505 -1.505
P040 100 100 100 100 100 100 100 100 100 100 100 100 100 100 100 100 100 100 100 0.319 0.319 0.319 0.319 0.319 0.696 0.696 0.584 0.584
P152 100 100 100 100 100 100 100 100 100 100 100 100 100 100 100 100 100 100 100 100 -1.304 -1.304 -1.304 -1.304 -1.304 -1.304 -1.304 -1.304
P148 100 100 100 100 100 100 100 100 100 100 100 100 100 100 100 100 100 100 100 100 -0.179 -0.179 -0.179 -0.179 -0.179 -0.179 -0.179 -0.179
P143 100 100 100 100 100 100 100 100 100 100 100 100 100 100 100 100 100 100 100 100 -1.051 -1.051 -1.051 -1.051 -1.051 -1.051 -1.051 -1.051
P141 100 100 100 100 100 100 100 100 100 100 100 100 100 100 100 100 100 100 100 100 -0.789 -0.789 -0.789 -0.789 -0.975 -0.975 -1.0 -1.0
P145 100 100 100 100 100 100 100 100 100 100 100 100 100 100 100 100 100 100 100 100 0.924 0.924 0.924 0.924 0.389 0.389 0.389 0.389
P071 100 100 100 100 100 100 100 100 100 100 100 100 100 100 100 100 100 100 100 100 -1.371 -1.371 -1.371 -1.371 -0.804 -0.804 -0.804 -0.804
P153 100 100 100 100 100 100 100 100 100 100 100 100 100 100 100 100 100 100 100 100 -0.726 -0.726 -0.726 -0.726 -1.296 -1.296 -1.296 -1.296
P150 100 100 100 100 100 100 100 100 100 100 100 100 100 100 100 100 100 100 100 100 -0.329 -0.329 -0.329 -0.329 -0.329 -0.329 -0.329 -0.329
P154 100 100 100 100 100 100 100 100 100 100 100 100 100 100 100 100 100 100 100 100 -0.862 -0.862 -0.862 -0.862 -0.862 -0.862 -0.862 -0.862
P147 100 100 100 100 100 100 100 100 100 100 100 100 100 100 100 100 100 100 100 100 0.103 0.103 0.103 0.103 0.103 0.103 0.103 0.103
P155 100 100 100 100 100 100 100 100 100 100 100 100 100 100 100 100 100 100 100 100 -0.775 -0.775 -0.775 -0.775 -0.775 -0.775 -0.775 -0.775
P151 100 100 100 100 100 100 100 100 100 100 100 100 100 100 100 100 100 100 100 100 -1.745 -1.745 -1.745 -1.745 -1.745 -1.745 -1.745 -1.745
P149 100 100 100 100 100 100 100 100 100 100 100 100 100 100 100 100 100 100 100 100 0.229 0.229 0.229 0.229 0.363 0.363 0.049 0.049
P146 100 100 100 100 100 100 100 100 100 100 100 100 100 100 100 100 100 100 100 100 -1.729 -1.729 -1.729 -1.729 -1.729 -1.729 -1.729 -1.729
P202 100 100 100 100 100 100 100 100 100 100 100 100 100 100 100 100 100 100 100 100 100 100 100 100 -0.556 -0.556 -0.856 -0.856
P203 100 100 100 100 100 100 100 100 100 100 100 100 100 100 100 100 100 100 100 100 100 100 100 100 -0.242 -0.242 -0.242 -0.242
P068 100 100 100 100 100 100 100 100 100 100 100 100 100 100 100 100 100 100 100 100 100 100 100 100 1.474 1.474 1.474 1.474
P077 100 100 100 100 100 100 100 100 100 100 100 100 100 100 100 100 100 100 100 100 100 100 100 100 -0.498 -0.498 -0.498 -0.498
P178 100 100 100 100 100 100 100 100 100 100 100 100 100 100 100 100 100 100 100 100 100 100 100 100 0.386 0.386 0.386 0.386
P204 100 100 100 100 100 100 100 100 100 100 100 100 100 100 100 100 100 100 100 100 100 100 100 100 -1.464 -1.464 -1.464 -1.464
P179 100 100 100 100 100 100 100 100 100 100 100 100 100 100 100 100 100 100 100 100 100 100 100 100 -0.417 -0.417 -0.417 -0.417
P205 100 100 100 100 100 100 100 100 100 100 100 100 100 100 100 100 100 100 100 100 100 100 100 100 -1.116 -1.116 -1.116 -1.116
P210 100 100 100 100 100 100 100 100 100 100 100 100 100 100 100 100 100 100 100 100 100 100 100 100 0.504 0.504 1.395 1.395
P098 100 100 100 100 100 100 100 100 100 100 100 100 100 100 100 100 100 100 100 100 100 100 100 100 -0.543 -0.543 -0.543 -0.543
P213 100 100 100 100 100 100 100 100 100 100 100 100 100 100 100 100 100 100 100 100 100 100 100 100 0.042 0.042 0.177 0.177
P215 100 100 100 100 100 100 100 100 100 100 100 100 100 100 100 100 100 100 100 100 100 100 100 100 -1.652 -1.652 -1.652 -1.652
P216 100 100 100 100 100 100 100 100 100 100 100 100 100 100 100 100 100 100 100 100 100 100 100 100 -1.947 -1.947 -1.947 -1.947
P217 100 100 100 100 100 100 100 100 100 100 100 100 100 100 100 100 100 100 100 100 100 100 100 100 -1.194 -1.194 -1.194 -1.194
P218 100 100 100 100 100 100 100 100 100 100 100 100 100 100 100 100 100 100 100 100 100 100 100 100 -1.617 -1.617 -1.617 -1.617
P219 100 100 100 100 100 100 100 100 100 100 100 100 100 100 100 100 100 100 100 100 100 100 100 100 0.847 0.847 0.847 0.847
P220 100 100 100 100 100 100 100 100 100 100 100 100 100 100 100 100 100 100 100 100 100 100 100 100 1.417 1.417 1.417 1.417
P221 100 100 100 100 100 100 100 100 100 100 100 100 100 100 100 100 100 100 100 100 100 100 100 100 -0.983 -0.983 -0.983 -0.983
P222 100 100 100 100 100 100 100 100 100 100 100 100 100 100 100 100 100 100 100 100 100 100 100 100 0.101 0.101 0.101 0.101
P214 100 100 100 100 100 100 100 100 100 100 100 100 100 100 100 100 100 100 100 100 100 100 100 100 100 100 1.574 1.574
P224 100 100 100 100 100 100 100 100 100 100 100 100 100 100 100 100 100 100 100 100 100 100 100 100 100 100 -0.872 -0.872
P225 100 100 100 100 100 100 100 100 100 100 100 100 100 100 100 100 100 100 100 100 100 100 100 100 100 100 -1.904 -1.904
P231 100 100 100 100 100 100 100 100 100 100 100 100 100 100 100 100 100 100 100 100 100 100 100 100 100 100 -1.194 -1.194
P142 100 100 100 100 100 100 100 100 100 100 100 100 100 100 100 100 100 100 100 100 100 100 100 100 100 100 1.421 1.421
P226 100 100 100 100 100 100 100 100 100 100 100 100 100 100 100 100 100 100 100 100 100 100 100 100 100 100 0.092 0.092
P139 100 100 100 100 100 100 100 100 100 100 100 100 100 100 100 100 100 100 100 100 100 100 100 100 100 100 0.817 0.817
P140 100 100 100 100 100 100 100 100 100 100 100 100 100 100 100 100 100 100 100 100 100 100 100 100 100 100 -0.294 -0.294
P227 100 100 100 100 100 100 100 100 100 100 100 100 100 100 100 100 100 100 100 100 100 100 100 100 100 100 -0.688 -0.688