P074 0.886 0.886 0.762 0.816 0.746 0.746 0.746 0.746 0.917 1.056 1.112 1.038 1.02 0.923 0.923 0.923 0.923 0.923 0.923
P022 1.315 1.315 1.078 1.058 1.058 1.058 1.058 0.987 0.987 1.092 0.931 0.762 1.061 1.061 1.138 1.138 1.138 1.138 1.194
P013 0.435 0.435 0.403 0.654 0.712 0.712 0.712 0.712 0.983 1.06 1.06 1.06 1.06 1.06 1.06 1.06 1.06 1.06 1.06
P090 0.941 0.941 1.342 1.405 1.405 1.405 1.405 1.309 1.195 1.21 1.21 1.21 1.21 1.21 1.21 1.21 1.21 1.21 1.21
P042 1.845 1.845 0.798 1.16 1.179 1.179 1.179 1.045 1.109 1.102 1.218 1.325 1.459 1.613 1.613 1.548 1.548 1.548 1.57
P018 0.698 0.698 0.708 0.708 0.714 0.714 0.714 0.714 0.714 0.714 0.714 0.714 0.714 0.714 0.714 0.714 0.714 0.714 0.714
P045 0.943 0.943 1.569 1.337 1.21 1.21 1.21 1.231 1.12 1.081 1.112 0.985 0.749 0.867 0.867 0.867 0.867 0.867 0.867
P036 0.496 0.496 0.329 0.329 0.544 0.544 0.544 0.498 0.498 0.605 0.483 0.636 0.54 0.548 0.587 0.573 0.532 0.532 0.533
P059 0.686 0.686 0.324 0.324 0.143 0.143 0.143 0.145 -0.046 -0.367 -0.367 -0.367 -0.242 -1.14 -1.14 -0.948 -0.785 -0.785 -0.598
P061 -0.298 -0.298 -0.259 -0.125 0.182 0.182 0.182 0.231 0.228 0.323 0.21 0.058 -0.069 -0.069 -0.069 -0.069 -0.069 -0.069 -0.069
P053 1.06 1.06 0.353 0.307 0.249 0.249 0.249 0.253 0.404 0.022 -0.229 -0.136 -0.025 -0.069 -0.157 -0.161 0.027 0.027 0.218
P062 -0.354 -0.354 0.262 0.125 0.16 0.16 0.16 0.026 -0.142 -0.553 -0.366 -0.439 -0.071 0.012 0.028 0.03 0.125 0.125 0.025
P029 -0.061 -0.061 0.233 0.423 0.248 0.248 0.248 0.339 0.399 0.579 0.791 0.889 1.016 0.975 0.859 0.773 0.773 0.773 0.706
P014 -1.759 -1.759 -0.819 -0.235 0.094 0.094 0.094 0.094 0.386 0.483 0.28 0.28 -0.046 -0.046 -0.046 -0.046 -0.046 -0.046 -0.046
P124 0.788 0.788 0.788 0.647 0.647 0.647 0.647 0.838 0.838 0.764 0.764 0.39 0.571 0.571 0.571 0.571 0.571 0.571 0.571
P025 -0.755 -0.755 -0.283 -0.221 -0.14 -0.14 -0.14 -0.14 -0.221 -0.221 -0.625 -0.953 -0.953 -0.953 -0.565 -0.565 -0.565 -0.565 0.238
P049 0.864 0.864 1.142 1.142 0.928 0.928 0.928 0.933 0.906 1.163 1.019 1.107 1.068 1.081 0.984 0.984 0.984 0.984 0.767
P084 0.34 0.34 0.526 0.332 0.394 0.394 0.394 -0.014 0.155 -0.392 -0.385 -0.385 -0.385 -0.385 -0.385 -0.385 -0.385 -0.385 -0.385
P011 0.24 0.24 0.592 0.613 0.665 0.665 0.665 0.677 0.66 0.737 0.383 0.249 0.347 0.287 0.319 0.342 0.342 0.342 0.217
P066 0.415 0.415 0.102 -0.289 -0.374 -0.374 -0.374 -0.374 -0.571 -0.571 -0.571 -0.571 -0.571 -0.571 -0.571 -0.571 -0.571 -0.571 -0.571
P044 0.529 0.529 0.359 0.28 0.282 0.282 0.282 0.302 0.302 0.153 0.489 0.458 0.347 0.347 0.584 0.596 0.817 0.817 0.617
P032 1.44 1.44 1.28 1.136 1.136 1.136 1.136 0.948 0.948 0.491 0.519 0.599 0.599 0.322 0.322 0.17 0.159 0.159 0.443
P058 -0.667 -0.667 -0.504 -0.504 -0.759 -0.759 -0.759 -0.759 -0.157 0.069 0.063 0.011 -0.25 -0.25 -0.25 -0.25 -0.25 -0.25 -0.25
P057 0.41 0.41 -0.709 -0.61 -1.017 -1.017 -1.017 -1.017 -0.763 -0.59 -0.421 -0.348 -0.268 -0.445 -0.144 -0.25 -0.25 -0.25 -0.399
P060 -1.123 -1.123 -1.038 -1.038 -1.103 -1.103 -1.103 -0.974 -0.732 -0.71 -0.71 -0.663 -0.281 -0.397 -0.169 -0.089 -0.089 -0.089 -0.066
P006 -1.549 -1.549 -0.151 -0.151 -0.151 -0.151 -0.151 -0.151 -0.151 -0.492 -0.713 -0.713 -1.31 -1.31 -1.31 -1.31 -1.31 -1.31 -1.31
P033 -2.23 -2.23 -0.564 -0.504 -0.861 -0.861 -0.861 -0.728 -0.728 -0.932 -0.982 -0.982 -1.177 -1.177 -1.177 -1.177 -1.177 -1.177 -1.177
P051 -0.191 -0.191 -1.308 -1.425 -1.241 -1.241 -1.241 -1.172 -1.149 -1.463 -1.409 -1.48 -1.517 -1.459 -1.41 -1.41 -1.41 -1.41 -1.415
P010 -0.565 -0.565 -1.226 -1.226 -1.974 -1.974 -1.974 -1.667 -1.749 -2.026 -2.009 -1.805 -1.52 -1.52 -1.525 -1.332 -1.14 -1.14 -1.14
P019 -1.435 -1.435 -1.615 -1.913 -1.913 -1.913 -1.913 -1.889 -1.781 -1.699 -1.582 -1.643 -1.856 -1.577 -1.909 -1.661 -1.626 -1.626 -1.544
P012 -1.024 -1.024 -1.024 -0.935 -0.935 -0.935 -0.935 -0.341 -0.292 -0.086 -0.157 -0.049 -0.384 -0.315 -0.263 -0.311 -0.224 -0.224 -0.215
P131 -1.175 -1.175 -1.675 -1.675 -1.39 -1.39 -1.39 -1.39 -1.39 -1.39 -1.39 -1.39 -1.39 -1.39 -1.39 -1.39 -1.39 -1.39 -1.39
P017 -1.649 -1.649 -1.649 -2.421 -2.421 -2.421 -2.421 -2.637 -2.561 -2.604 -2.536 -2.536 -2.575 -2.466 -2.466 -2.466 -2.466 -2.466 -2.466
P035 -3.082 -3.082 -2.37 -2.291 -2.479 -2.479 -2.479 -2.488 -2.488 -2.074 -1.888 -1.513 -1.364 -1.488 -1.488 -1.471 -1.213 -1.213 -1.222
P118 -2.123 -2.123 -1.496 -1.633 -1.633 -1.633 -1.633 -1.633 -1.633 -1.633 -1.633 -1.633 -1.633 -1.633 -1.633 -1.633 -1.633 -1.633 -1.78
P127 -3.465 -3.465 -3.49 -3.493 -3.495 -3.495 -3.495 -3.483 -3.483 -3.483 -3.483 -3.483 -3.483 -3.483 -3.483 -3.483 -3.483 -3.483 -3.483
P086 0.07 0.07 0.07 0.07 0.07 0.07 0.07 0.07 0.07 0.07 0.07 0.07 0.07 0.07 0.07 0.07 0.07 0.07 0.07
P052 -2.22 -2.22 -2.22 -2.22 -2.22 -2.22 -2.22 -2.22 -2.22 -2.163 -2.163 -2.163 -2.163 -2.163 -2.163 -2.163 -2.163 -2.163 -2.163
P129 0.26 0.26 0.26 0.26 0.26 0.26 0.26 0.26 0.26 0.26 0.26 0.26 0.26 0.26 -0.029 -0.029 -0.029 -0.029 -0.029
P105 -2.06 -2.06 -2.06 -2.06 -2.06 -2.06 -2.06 -2.06 -2.06 -2.06 -2.06 -2.06 -2.06 -2.06 -3.428 -3.428 -3.428 -3.428 -3.32
P031 100 100 1.993 1.371 1.471 1.471 1.471 1.487 1.487 1.346 1.419 1.493 1.053 1.053 1.053 1.053 1.053 1.053 1.053
P001 100 100 0.439 0.558 0.626 0.626 0.626 0.684 0.684 0.806 1.072 1.119 1.256 1.339 1.339 1.443 1.545 1.545 1.561
P054 100 100 0.139 0.139 0.135 0.135 0.135 0.135 0.222 0.374 0.333 0.333 0.181 0.332 0.251 0.211 0.438 0.438 0.459
P144 100 100 -0.504 -0.504 -0.504 -0.504 -0.504 -0.504 -0.504 0.321 0.321 0.321 0.145 -0.29 0.001 0.191 0.361 0.361 0.395
P000 100 100 -0.904 -0.744 -0.657 -0.657 -0.657 -0.307 -0.307 -0.329 0.197 0.285 0.435 0.68 0.68 0.68 0.674 0.674 0.867
P038 100 100 -3.048 -3.048 -3.048 -3.048 -3.048 -3.048 -3.355 -2.256 -2.462 -2.175 -2.155 -2.083 -1.691 -1.441 -1.508 -1.508 -1.465
P048 100 100 0.051 0.248 0.407 0.407 0.407 0.486 0.387 0.245 0.332 0.309 0.336 0.336 0.336 0.336 0.336 0.336 0.336
P041 100 100 -0.722 -0.722 -0.62 -0.62 -0.62 -0.62 -0.977 -1.293 -1.144 -1.144 -1.247 -1.345 -1.001 -1.001 -1.001 -1.001 -0.9
P134 100 100 -1.043 -1.043 -1.043 -1.043 -1.043 -0.896 -0.896 -0.896 -0.896 -0.896 -0.896 -0.896 -0.896 -0.896 -0.896 -0.896 -0.896
P078 100 100 -1.777 -1.857 -1.857 -1.857 -1.857 -1.857 -1.857 -1.857 -1.857 -1.857 -1.857 -1.857 -0.049 -0.049 -0.049 -0.049 -0.049
P130 100 100 -3.252 -3.252 -3.252 -3.252 -3.252 -3.138 -3.138 -2.556 -2.556 -2.556 -2.556 -2.556 -2.556 -2.556 -2.556 -2.556 -3.281
P125 100 100 -0.269 -0.269 -0.269 -0.269 -0.269 -0.269 -0.269 -0.612 -0.612 -0.612 -0.612 -0.612 -0.612 -0.612 -0.612 -0.612 -0.612
P126 100 100 -1.969 -1.969 -1.969 -1.969 -1.969 -1.969 -1.882 -1.882 -1.882 -1.882 -1.882 -1.882 -1.882 -1.882 -1.882 -1.882 -1.882
P043 100 100 -1.251 -1.294 -1.294 -1.294 -1.294 -0.835 -0.835 -0.835 -0.888 -0.888 -1.426 -1.426 -1.426 -1.426 -1.426 -1.426 -1.426
P067 100 100 -1.538 -0.995 -0.995 -0.995 -0.995 -0.995 -0.995 -0.289 -0.208 -0.208 -0.208 -0.407 -0.407 -0.407 -0.407 -0.407 -0.407
P109 100 100 -3.474 -3.474 -3.474 -3.474 -3.474 -3.474 -3.474 -3.474 -3.474 -3.474 -3.474 -3.474 -3.474 -3.474 -3.474 -3.474 -3.474
P096 100 100 -3.474 -3.23 -3.23 -3.23 -3.23 -3.23 -3.23 -3.23 -2.541 -2.541 -2.541 -2.252 -2.499 -2.499 -2.499 -2.499 -2.499
P099 100 100 -3.474 -3.474 -3.474 -3.474 -3.474 -3.474 -3.474 -3.474 -3.494 -3.494 -3.494 -3.498 -3.498 -3.498 -3.498 -3.498 -3.498
P097 100 100 -3.474 -3.474 -3.474 -3.474 -3.474 -3.474 -3.474 -3.474 -3.494 -3.494 -3.494 -3.498 -3.499 -3.499 -3.499 -3.499 -3.5
P055 100 100 100 0.702 0.667 0.667 0.667 0.556 0.556 0.101 0.218 0.218 0.183 0.209 0.441 0.441 0.441 0.441 0.433
P023 100 100 100 -0.964 -1.037 -1.037 -1.037 -0.804 -0.773 -0.732 -0.616 -0.616 -0.918 -1.302 -1.211 -1.211 -1.211 -1.211 -0.779
P132 100 100 100 0.163 0.163 0.163 0.163 0.163 0.163 0.163 0.163 0.163 0.163 0.163 0.163 0.163 0.163 0.163 0.163
P064 100 100 100 -2.852 -3.19 -3.19 -3.19 -2.959 -2.959 -2.367 -2.045 -2.003 -1.499 -1.104 -0.968 -0.906 -0.927 -0.927 -0.808
P100 100 100 100 -0.663 -0.663 -0.663 -0.663 -0.663 -0.663 -0.663 -0.663 -0.663 -0.663 -0.663 -0.663 -0.663 -0.663 -0.663 -0.663
P106 100 100 100 100 1.015 1.015 1.015 1.015 1.015 1.015 1.015 1.015 1.015 1.015 1.015 1.015 1.015 1.015 1.015
P115 100 100 100 100 -1.328 -1.328 -1.328 -1.328 -1.328 -1.328 -1.328 -1.328 -1.328 -1.813 -1.813 -1.813 -1.813 -1.813 -1.813
P004 100 100 100 100 -2.22 -2.22 -2.22 -1.518 -0.653 -0.653 -0.335 -0.321 -0.317 -0.284 -0.284 -0.284 -0.284 -0.284 -0.284
P024 100 100 100 100 -3.478 -3.478 -3.478 -3.478 -2.62 -1.961 -1.652 -1.652 -2.292 -2.292 -2.292 -2.292 -2.292 -2.292 -2.292
P047 100 100 100 100 100 100 100 -0.111 -0.162 -0.063 0.034 0.034 0.001 0.208 0.208 0.208 0.208 0.208 0.208
P046 100 100 100 100 100 100 100 0.392 0.597 1.074 1.381 1.353 1.19 1.302 1.44 1.523 1.523 1.523 1.468
P016 100 100 100 100 100 100 100 -3.046 -3.046 -1.94 -1.471 -1.471 -1.173 -1.484 -1.316 -1.316 -1.456 -1.456 -1.456
P026 100 100 100 100 100 100 100 -3.34 -3.427 -2.809 -2.269 -2.23 -2.13 -2.165 -2.058 -1.802 -1.802 -1.802 -1.5
P034 100 100 100 100 100 100 100 100 1.009 0.841 1.181 1.16 1.108 1.036 1.063 1.076 1.119 1.119 1.08
P008 100 100 100 100 100 100 100 100 -0.551 -0.585 -0.57 -0.57 -0.57 -0.57 -0.57 -0.57 -0.57 -0.57 -0.57
P056 100 100 100 100 100 100 100 100 -3.487 -2.669 -1.695 -1.698 -2.063 -2.091 -2.091 -1.88 -1.607 -1.607 -1.562
P021 100 100 100 100 100 100 100 100 -0.025 0.396 0.106 0.106 -0.08 -0.08 -0.08 -0.08 -0.08 -0.08 -0.696
P136 100 100 100 100 100 100 100 100 -3.487 -2.326 -2.326 -2.326 -2.326 -2.326 -1.422 -1.422 -1.422 -1.422 -1.836
P005 100 100 100 100 100 100 100 100 100 -2.335 -1.185 -0.822 -0.817 -0.787 -0.717 -0.717 -0.753 -0.753 -0.581
P028 100 100 100 100 100 100 100 100 100 0.266 -0.007 -0.056 0.049 -0.037 0.264 0.35 0.35 0.35 0.79
P002 100 100 100 100 100 100 100 100 100 -1.131 -0.622 -0.622 -0.03 0.377 0.377 0.167 0.167 0.167 0.299
P063 100 100 100 100 100 100 100 100 100 100 -0.461 -0.358 -0.764 -1.012 -1.012 -1.012 -1.015 -1.015 -1.039
P030 100 100 100 100 100 100 100 100 100 100 -1.679 -1.75 -1.315 -1.315 -0.899 -0.899 -0.899 -0.899 -1.371
P009 100 100 100 100 100 100 100 100 100 100 -0.758 -0.824 -0.581 -0.498 -0.177 -0.177 -0.177 -0.177 -0.45
P133 100 100 100 100 100 100 100 100 100 100 -1.227 -1.227 -1.227 -1.227 -1.227 -1.227 -1.227 -1.227 -1.227
P020 100 100 100 100 100 100 100 100 100 100 1.479 1.123 1.158 1.351 1.335 1.559 1.559 1.559 1.591
P050 100 100 100 100 100 100 100 100 100 100 100 0.176 0.637 0.684 0.958 1.137 1.137 1.137 1.274
P040 100 100 100 100 100 100 100 100 100 100 100 0.055 0.445 0.445 0.397 0.397 0.67 0.67 0.833
P145 100 100 100 100 100 100 100 100 100 100 100 -0.253 -0.253 -0.442 -0.442 -0.442 0.594 0.594 0.594
P039 100 100 100 100 100 100 100 100 100 100 100 -1.906 -1.631 -1.631 -1.631 -1.498 -1.498 -1.498 -1.128
P027 100 100 100 100 100 100 100 100 100 100 100 -2.407 -1.803 -2.342 -2.043 -2.043 -1.861 -1.861 -1.861
P146 100 100 100 100 100 100 100 100 100 100 100 -2.936 -2.936 -2.327 -2.115 -2.115 -2.115 -2.115 -2.115
P065 100 100 100 100 100 100 100 100 100 100 100 100 -0.619 -0.205 -0.222 -0.222 -0.222 -0.222 -0.222
P015 100 100 100 100 100 100 100 100 100 100 100 100 -2.714 -2.214 -1.926 -1.926 -1.498 -1.498 -1.379
P137 100 100 100 100 100 100 100 100 100 100 100 100 -2.594 -2.594 -2.594 -2.594 -2.594 -2.594 -2.594
P073 100 100 100 100 100 100 100 100 100 100 100 100 -3.496 -3.496 -3.496 -1.571 -1.571 -1.571 -2.642
P075 100 100 100 100 100 100 100 100 100 100 100 100 -3.496 -3.496 -3.496 -3.496 -3.496 -3.496 -3.496
P037 100 100 100 100 100 100 100 100 100 100 100 100 -3.497 -3.497 -0.979 -0.979 -0.979 -0.979 -0.887
P147 100 100 100 100 100 100 100 100 100 100 100 100 100 0.685 0.685 0.685 0.685 0.685 0.685
P148 100 100 100 100 100 100 100 100 100 100 100 100 100 0.297 0.297 0.297 0.297 0.297 0.297
P149 100 100 100 100 100 100 100 100 100 100 100 100 100 -0.695 -0.695 -0.695 0.185 0.185 0.023
P141 100 100 100 100 100 100 100 100 100 100 100 100 100 -2.097 -1.502 -1.478 -2.06 -2.06 -1.887
P150 100 100 100 100 100 100 100 100 100 100 100 100 100 -2.366 -1.277 -1.277 -1.277 -1.277 -1.288
P143 100 100 100 100 100 100 100 100 100 100 100 100 100 -3.498 -2.008 -2.008 -2.008 -2.008 -2.008
P155 100 100 100 100 100 100 100 100 100 100 100 100 100 -3.498 -3.498 -3.498 -3.498 -3.498 -3.498
P151 100 100 100 100 100 100 100 100 100 100 100 100 100 -3.498 -3.498 -3.498 -3.498 -3.498 -3.498
P152 100 100 100 100 100 100 100 100 100 100 100 100 100 -3.498 -3.498 -3.498 -3.498 -3.498 -3.498
P071 100 100 100 100 100 100 100 100 100 100 100 100 100 -3.498 -3.498 -2.696 -2.696 -2.696 -3.104
P153 100 100 100 100 100 100 100 100 100 100 100 100 100 -3.498 -3.498 -3.498 -3.499 -3.499 -3.499
P154 100 100 100 100 100 100 100 100 100 100 100 100 100 -3.498 -3.498 -3.498 -3.498 -3.498 -3.498
P079 100 100 100 100 100 100 100 100 100 100 100 100 100 100 -0.67 -0.67 -0.67 -0.67 -1.428
P156 100 100 100 100 100 100 100 100 100 100 100 100 100 100 -1.977 -1.977 -1.977 -1.977 -1.977
P139 100 100 100 100 100 100 100 100 100 100 100 100 100 100 -2.957 -2.957 -2.957 -2.957 -1.711
P007 100 100 100 100 100 100 100 100 100 100 100 100 100 100 -3.498 -3.498 -3.498 -3.498 -3.498
P003 100 100 100 100 100 100 100 100 100 100 100 100 100 100 -3.498 -3.498 -3.498 -3.498 -3.498
P068 100 100 100 100 100 100 100 100 100 100 100 100 100 100 1.232 0.948 0.948 0.948 1.013
P142 100 100 100 100 100 100 100 100 100 100 100 100 100 100 0.709 0.709 0.709 0.709 0.311
P076 100 100 100 100 100 100 100 100 100 100 100 100 100 100 -1.214 -1.214 -1.214 -1.214 -1.214
P077 100 100 100 100 100 100 100 100 100 100 100 100 100 100 -1.648 -2.136 -2.136 -2.136 -2.136
P138 100 100 100 100 100 100 100 100 100 100 100 100 100 100 -2.399 -2.399 -2.399 -2.399 -1.689
P069 100 100 100 100 100 100 100 100 100 100 100 100 100 100 -3.498 -3.498 -3.498 -3.498 -3.498
P140 100 100 100 100 100 100 100 100 100 100 100 100 100 100 -3.498 -3.498 -3.498 -3.498 -2.798
P178 100 100 100 100 100 100 100 100 100 100 100 100 100 100 100 0.599 0.599 0.599 0.599
P203 100 100 100 100 100 100 100 100 100 100 100 100 100 100 100 -0.914 -0.914 -0.914 -1.84
P204 100 100 100 100 100 100 100 100 100 100 100 100 100 100 100 -1.079 -1.079 -1.079 -1.079
P179 100 100 100 100 100 100 100 100 100 100 100 100 100 100 100 -1.223 -1.223 -1.223 -1.223
P202 100 100 100 100 100 100 100 100 100 100 100 100 100 100 100 -2.417 -2.992 -2.992 -2.343
P205 100 100 100 100 100 100 100 100 100 100 100 100 100 100 100 -3.379 -3.379 -3.379 -3.379
P098 100 100 100 100 100 100 100 100 100 100 100 100 100 100 100 100 0.976 0.976 0.905
P219 100 100 100 100 100 100 100 100 100 100 100 100 100 100 100 100 0.686 0.686 -0.149
P220 100 100 100 100 100 100 100 100 100 100 100 100 100 100 100 100 0.386 0.386 -0.149
P222 100 100 100 100 100 100 100 100 100 100 100 100 100 100 100 100 -0.085 -0.085 -0.085
P221 100 100 100 100 100 100 100 100 100 100 100 100 100 100 100 100 -0.761 -0.761 -0.761
P210 100 100 100 100 100 100 100 100 100 100 100 100 100 100 100 100 -0.924 -0.924 -0.459
P213 100 100 100 100 100 100 100 100 100 100 100 100 100 100 100 100 -2.525 -2.525 -1.497
P217 100 100 100 100 100 100 100 100 100 100 100 100 100 100 100 100 -3.499 -3.499 -3.499
P218 100 100 100 100 100 100 100 100 100 100 100 100 100 100 100 100 -3.499 -3.499 -3.499
P216 100 100 100 100 100 100 100 100 100 100 100 100 100 100 100 100 -3.499 -3.499 -3.499
P215 100 100 100 100 100 100 100 100 100 100 100 100 100 100 100 100 -3.499 -3.499 -3.499
P223 100 100 100 100 100 100 100 100 100 100 100 100 100 100 100 100 100 100 1.051
P228 100 100 100 100 100 100 100 100 100 100 100 100 100 100 100 100 100 100 -1.252
P230 100 100 100 100 100 100 100 100 100 100 100 100 100 100 100 100 100 100 -2.317
P229 100 100 100 100 100 100 100 100 100 100 100 100 100 100 100 100 100 100 -3.499
P224 100 100 100 100 100 100 100 100 100 100 100 100 100 100 100 100 100 100 0.28
P227 100 100 100 100 100 100 100 100 100 100 100 100 100 100 100 100 100 100 -0.024
P231 100 100 100 100 100 100 100 100 100 100 100 100 100 100 100 100 100 100 -0.086
P226 100 100 100 100 100 100 100 100 100 100 100 100 100 100 100 100 100 100 -1.563
P225 100 100 100 100 100 100 100 100 100 100 100 100 100 100 100 100 100 100 -2.724
P214 100 100 100 100 100 100 100 100 100 100 100 100 100 100 100 100 100 100 0.658
P233 100 100 100 100 100 100 100 100 100 100 100 100 100 100 100 100 100 100 -0.395
P200 100 100 100 100 100 100 100 100 100 100 100 100 100 100 100 100 100 100 -1.345
P208 100 100 100 100 100 100 100 100 100 100 100 100 100 100 100 100 100 100 -1.403
P186 100 100 100 100 100 100 100 100 100 100 100 100 100 100 100 100 100 100 -1.453
P072 100 100 100 100 100 100 100 100 100 100 100 100 100 100 100 100 100 100 -1.951
P232 100 100 100 100 100 100 100 100 100 100 100 100 100 100 100 100 100 100 -3.499