P061 100 100 100 100 100 100 100 100 100 0.832 0.832 0.832 0.832 0.832 0.832 0.832 0.832 0.832 0.832 0.832
P062 100 100 100 100 100 100 100 100 100 0.238 0.839 0.469 0.939 1.084 1.084 1.084 1.084 0.457 0.457 0.142
P066 100 100 100 100 100 100 100 100 100 -0.687 -0.687 -0.687 -0.687 -0.687 -0.687 -0.687 -0.687 -0.687 -0.687 -0.687
P131 100 100 100 100 100 100 100 100 100 -1.017 -1.017 -1.017 -1.017 -1.017 -1.017 -1.017 -1.017 -1.017 -1.017 -1.017
P018 100 100 100 100 100 100 100 100 100 0.898 0.898 0.898 0.898 0.898 0.898 0.898 0.898 0.898 0.898 0.898
P029 100 100 100 100 100 100 100 100 100 1.889 1.889 0.543 0.859 0.586 0.354 0.354 0.354 0.103 0.728 0.728
P100 100 100 100 100 100 100 100 100 100 -0.489 -0.489 -0.489 -0.489 -0.489 -0.489 -0.489 -0.489 -0.489 -0.489 -0.489
P127 100 100 100 100 100 100 100 100 100 -1.017 -1.017 -1.017 -1.017 -1.017 -1.017 -1.017 -1.017 -1.017 -1.017 -1.017
P090 100 100 100 100 100 100 100 100 100 1.558 1.558 1.558 1.558 1.558 1.558 1.558 1.558 1.558 1.558 1.558
P115 100 100 100 100 100 100 100 100 100 -1.215 -1.215 -0.823 -0.823 -0.879 -0.879 -0.879 -0.879 -0.879 -0.879 -0.879
P124 100 100 100 100 100 100 100 100 100 -0.291 -0.291 -0.291 -0.291 -0.291 -0.291 -0.291 -0.291 0.137 0.137 0.137
P047 100 100 100 100 100 100 100 100 100 0.238 0.238 0.238 0.181 0.049 -0.126 -0.126 -0.126 -0.126 -0.126 -0.126
P022 100 100 100 100 100 100 100 100 100 1.228 1.228 1.228 2.235 1.566 1.566 1.566 1.566 2.148 2.148 1.948
P054 100 100 100 100 100 100 100 100 100 1.624 1.34 1.34 0.997 0.803 0.892 0.892 0.892 0.892 0.78 0.99
P041 100 100 100 100 100 100 100 100 100 -0.489 -0.865 -0.865 -0.865 0.446 0.446 0.446 0.446 0.446 0.446 0.446
P012 100 100 100 100 100 100 100 100 100 -1.017 -1.017 -1.017 -0.76 0.276 0.052 0.052 0.052 0.052 0.009 0.009
P059 100 100 100 100 100 100 100 100 100 -0.555 -0.168 0.039 0.039 -0.034 -0.144 -0.144 -0.144 -0.032 -0.032 -0.032
P044 100 100 100 100 100 100 100 100 100 -0.291 -0.313 -0.528 -0.869 -0.869 -0.317 -0.317 -0.317 -0.392 -0.217 -0.263
P014 100 100 100 100 100 100 100 100 100 0.172 0.172 0.172 0.172 0.172 0.172 0.172 0.172 0.172 0.172 0.172
P084 100 100 100 100 100 100 100 100 100 -0.291 -0.291 -0.291 -0.291 -0.291 -0.291 -0.291 -0.291 -0.291 -0.291 -0.291
P042 100 100 100 100 100 100 100 100 100 0.436 1.343 1.173 1.011 1.345 0.879 0.879 0.879 0.921 1.337 1.078
P049 100 100 100 100 100 100 100 100 100 0.04 -0.53 -0.53 0.204 -0.302 -0.32 -0.32 -0.32 -0.208 -0.587 -0.75
P057 100 100 100 100 100 100 100 100 100 -1.149 -1.152 -1.152 -0.609 -0.262 -0.262 -0.262 -0.262 -0.451 -0.062 -0.062
P122 100 100 100 100 100 100 100 100 100 -1.215 -1.215 -1.215 -1.215 -1.215 -1.215 -1.215 -1.215 -1.215 -1.215 -1.215
P025 100 100 100 100 100 100 100 100 100 -0.951 -0.119 0.411 0.687 0.687 0.805 0.805 0.805 0.805 0.487 0.29
P078 100 100 100 100 100 100 100 100 100 2.087 0.883 0.883 0.883 0.749 0.749 0.749 0.749 0.749 0.749 0.749
P019 100 100 100 100 100 100 100 100 100 -0.423 -0.313 -0.24 -0.094 0.102 0.207 0.207 0.207 -0.126 -0.126 -0.126
P118 100 100 100 100 100 100 100 100 100 -1.083 -1.083 -1.083 -1.083 -1.083 -0.301 -0.301 -0.301 -0.301 -0.145 -0.145
P045 100 100 100 100 100 100 100 100 100 0.37 0.598 0.598 -0.003 -0.197 -0.197 -0.197 -0.197 -0.197 -0.197 -0.197
P031 100 100 100 100 100 100 100 100 100 0.436 0.436 1.647 1.251 1.251 1.251 1.251 1.251 1.251 1.251 1.251
P035 100 100 100 100 100 100 100 100 100 0.106 -0.218 0.3 0.065 0.09 -0.07 -0.07 -0.07 -0.07 -0.175 -0.143
P010 100 100 100 100 100 100 100 100 100 -0.026 -0.026 -0.026 -0.026 -0.026 -0.026 -0.026 -0.026 -0.026 -0.026 -0.026
P074 100 100 100 100 100 100 100 100 100 0.634 0.634 0.634 0.507 -0.484 -0.484 -0.484 -0.484 -0.484 -0.484 -0.484
P053 100 100 100 100 100 100 100 100 100 0.436 0.574 1.074 1.026 1.108 0.867 0.867 0.867 0.816 0.627 0.487
P129 100 100 100 100 100 100 100 100 100 -0.423 -0.423 -0.423 -0.423 -0.423 -0.423 -0.423 -0.423 -0.423 -0.423 -0.423
P051 100 100 100 100 100 100 100 100 100 -1.083 -0.791 -0.211 -0.307 -0.213 -0.405 -0.405 -0.405 -0.627 -0.714 -0.771
P013 100 100 100 100 100 100 100 100 100 2.813 2.813 2.813 2.813 2.813 2.813 2.813 2.813 2.813 2.813 2.813
P011 100 100 100 100 100 100 100 100 100 -0.357 -0.357 -0.357 -0.274 -0.173 -0.196 -0.196 -0.196 0.009 0.009 0.008
P038 100 100 100 100 100 100 100 100 100 -1.083 -1.083 -1.083 -0.169 -0.788 -0.788 -0.788 -0.788 -1.048 -1.109 -1.109
P126 100 100 100 100 100 100 100 100 100 -0.885 -0.885 -0.885 -0.885 -0.885 -0.885 -0.885 -0.885 -0.885 -0.885 -0.885
P028 100 100 100 100 100 100 100 100 100 100 0.351 0.351 -0.221 0.167 0.104 0.104 0.104 0.104 0.317 0.193
P058 100 100 100 100 100 100 100 100 100 100 -0.776 0.686 0.686 0.686 0.686 0.686 0.686 0.686 0.686 0.686
P024 100 100 100 100 100 100 100 100 100 100 -1.301 -1.255 -1.255 -1.255 -1.255 -1.255 -1.255 -1.255 -1.255 -1.255
P048 100 100 100 100 100 100 100 100 100 100 0.201 0.177 0.022 0.022 0.022 0.022 0.022 0.022 0.022 0.022
P032 100 100 100 100 100 100 100 100 100 100 0.051 -0.174 -0.595 -0.1 -0.329 -0.329 -0.329 -0.228 -0.375 -0.375
P055 100 100 100 100 100 100 100 100 100 100 -0.55 -0.55 -0.322 -0.27 0.009 0.009 0.009 0.009 0.009 0.12
P008 100 100 100 100 100 100 100 100 100 100 -0.25 -0.25 -0.25 -0.25 -0.25 -0.25 -0.25 -0.25 -0.25 -0.25
P005 100 100 100 100 100 100 100 100 100 100 -0.325 -0.371 -0.559 0.369 0.369 0.369 0.369 -0.14 0.288 0.615
P052 100 100 100 100 100 100 100 100 100 100 -0.776 -0.776 -1.006 -1.006 -1.006 -1.006 -1.006 -1.006 -1.006 -1.006
P006 100 100 100 100 100 100 100 100 100 100 0.501 0.501 0.454 0.454 0.454 0.454 0.454 0.454 0.454 0.454
P004 100 100 100 100 100 100 100 100 100 100 1.628 1.628 1.27 1.134 1.134 1.134 1.134 1.134 1.134 1.134
P043 100 100 100 100 100 100 100 100 100 100 -0.625 -0.625 -0.625 -0.625 -0.625 -0.625 -0.625 -0.625 -0.625 -0.625
P060 100 100 100 100 100 100 100 100 100 100 0.727 0.727 -0.202 -0.247 0.028 0.028 0.028 0.028 0.064 0.064
P144 100 100 100 100 100 100 100 100 100 100 -0.851 -0.851 -0.634 -0.055 -0.055 -0.055 -0.055 -0.055 -0.545 -0.545
P009 100 100 100 100 100 100 100 100 100 100 1.027 0.245 -0.128 -0.39 -0.39 -0.39 -0.39 -0.26 0.051 -0.183
P001 100 100 100 100 100 100 100 100 100 100 0.351 1.17 0.343 0.862 0.799 0.799 0.799 0.737 0.551 0.326
P063 100 100 100 100 100 100 100 100 100 100 -0.7 -0.818 -0.54 -0.339 -0.339 -0.339 -0.339 -0.339 -0.339 -0.298
P130 100 100 100 100 100 100 100 100 100 100 -1.226 -1.226 -1.226 -1.226 -1.226 -1.226 -1.226 -1.226 -1.226 -1.226
P023 100 100 100 100 100 100 100 100 100 100 0.126 0.466 0.691 0.854 0.854 0.854 0.854 0.854 0.854 0.854
P020 100 100 100 100 100 100 100 100 100 100 3.581 3.581 1.616 1.386 1.207 1.207 1.207 0.737 0.692 0.778
P067 100 100 100 100 100 100 100 100 100 100 0.877 1.146 0.342 0.187 0.22 0.22 0.22 0.149 0.149 0.149
P096 100 100 100 100 100 100 100 100 100 100 -1.301 -1.291 -0.775 -0.858 -0.858 -0.858 -0.858 -0.858 -0.858 -0.858
P097 100 100 100 100 100 100 100 100 100 100 -1.226 -0.901 -1.106 -1.231 -1.231 -1.231 -1.231 -1.231 -1.18 -1.18
P034 100 100 100 100 100 100 100 100 100 100 -0.625 -0.321 0.747 0.082 -0.144 -0.144 -0.144 0.437 0.805 0.607
P079 100 100 100 100 100 100 100 100 100 100 -0.4 -0.4 -0.4 -0.4 -0.4 -0.4 -0.4 -0.4 -0.4 -0.611
P153 100 100 100 100 100 100 100 100 100 100 100 -0.593 -0.593 -0.45 -0.45 -0.45 -0.45 -0.45 -0.45 -0.45
P040 100 100 100 100 100 100 100 100 100 100 100 0.158 -0.317 0.272 0.298 0.298 0.298 0.312 0.312 0.312
P027 100 100 100 100 100 100 100 100 100 100 100 -0.468 -0.5 -0.496 -0.496 -0.496 -0.496 -0.496 -0.496 -0.496
P039 100 100 100 100 100 100 100 100 100 100 100 -1.156 -0.939 -0.939 -0.939 -0.939 -0.939 -0.939 -0.939 -0.939
P150 100 100 100 100 100 100 100 100 100 100 100 -1.218 -1.218 -1.388 -1.388 -1.388 -1.388 -1.388 -1.388 -1.388
P154 100 100 100 100 100 100 100 100 100 100 100 -0.968 -0.968 -1.308 -1.308 -1.308 -1.308 -1.308 -1.308 -1.308
P064 100 100 100 100 100 100 100 100 100 100 100 -0.593 -0.923 -0.267 -0.267 -0.267 -0.267 -0.267 -0.393 -0.393
P139 100 100 100 100 100 100 100 100 100 100 100 -0.905 -0.905 -0.905 -0.905 -0.905 -0.905 -0.905 -0.905 -0.905
P177 100 100 100 100 100 100 100 100 100 100 100 -1.093 -1.093 -1.093 -1.093 -1.093 -1.093 -1.093 -1.093 -1.093
P017 100 100 100 100 100 100 100 100 100 100 100 -0.405 -0.822 -0.346 -0.346 -0.346 -0.346 -0.346 -0.346 -0.346
P036 100 100 100 100 100 100 100 100 100 100 100 2.347 2.044 1.125 1.125 1.125 1.125 0.707 0.076 0.076
P145 100 100 100 100 100 100 100 100 100 100 100 -0.155 -0.155 -0.416 -0.416 -0.416 -0.416 -0.416 -0.416 -0.416
P016 100 100 100 100 100 100 100 100 100 100 100 -1.281 -0.967 -1.035 -0.889 -0.889 -0.889 -0.868 -0.868 -0.642
P000 100 100 100 100 100 100 100 100 100 100 100 0.533 0.312 -0.095 -0.338 -0.338 -0.338 -0.338 -0.338 -0.338
P146 100 100 100 100 100 100 100 100 100 100 100 -0.655 -0.655 -0.734 -0.734 -0.734 -0.734 -0.734 -0.734 -0.734
P046 100 100 100 100 100 100 100 100 100 100 100 100 2.281 1.507 2.067 2.067 2.067 1.403 1.403 1.403
P050 100 100 100 100 100 100 100 100 100 100 100 100 0.867 0.525 0.792 0.792 0.792 0.492 0.492 0.57
P065 100 100 100 100 100 100 100 100 100 100 100 100 -1.255 -0.231 -0.231 -0.231 -0.231 -0.231 -0.231 -0.231
P026 100 100 100 100 100 100 100 100 100 100 100 100 -0.694 -0.683 -0.683 -0.683 -0.683 -0.839 -0.85 -0.85
P134 100 100 100 100 100 100 100 100 100 100 100 100 -0.534 -0.534 -0.534 -0.534 -0.534 -0.534 -0.534 -0.534
P086 100 100 100 100 100 100 100 100 100 100 100 100 -1.415 -1.415 -1.415 -1.415 -1.415 -1.415 -1.415 -1.415
P120 100 100 100 100 100 100 100 100 100 100 100 100 -1.015 -1.015 -1.015 -1.015 -1.015 -1.015 -1.015 -1.015
P121 100 100 100 100 100 100 100 100 100 100 100 100 -0.374 -0.374 -0.374 -0.374 -0.374 -0.374 -0.374 -0.374
P015 100 100 100 100 100 100 100 100 100 100 100 100 -1.328 -0.998 -1.022 -1.022 -1.022 -1.195 -1.288 -0.973
P030 100 100 100 100 100 100 100 100 100 100 100 100 -0.851 -1.065 -0.963 -0.963 -0.963 -0.726 -0.726 -0.726
P002 100 100 100 100 100 100 100 100 100 100 100 100 -0.931 -0.256 -0.233 -0.233 -0.233 -0.233 0.031 0.031
P056 100 100 100 100 100 100 100 100 100 100 100 100 -0.135 0.121 0.121 0.121 0.121 -0.089 -0.089 -0.089
P099 100 100 100 100 100 100 100 100 100 100 100 100 100 -1.285 -1.285 -1.285 -1.285 -1.285 -1.285 -1.285
P068 100 100 100 100 100 100 100 100 100 100 100 100 100 1.189 2.687 2.687 2.687 3.015 2.404 3.032
P069 100 100 100 100 100 100 100 100 100 100 100 100 100 -0.113 -0.113 -0.113 -0.113 -0.113 -0.113 -0.113
P070 100 100 100 100 100 100 100 100 100 100 100 100 100 1.536 1.536 1.536 1.536 1.536 1.536 1.536
P071 100 100 100 100 100 100 100 100 100 100 100 100 100 -0.34 -0.655 -0.655 -0.655 -0.655 -0.421 -0.421
P072 100 100 100 100 100 100 100 100 100 100 100 100 100 -0.286 -0.286 -0.286 -0.286 -0.286 -0.286 0.147
P073 100 100 100 100 100 100 100 100 100 100 100 100 100 -0.807 -0.833 -0.833 -0.833 -0.833 -0.013 -0.013
P075 100 100 100 100 100 100 100 100 100 100 100 100 100 -1.415 -1.415 -1.415 -1.415 0.093 0.093 0.093
P077 100 100 100 100 100 100 100 100 100 100 100 100 100 -1.154 -0.932 -0.932 -0.932 -0.932 -0.932 -0.932
P076 100 100 100 100 100 100 100 100 100 100 100 100 100 -1.502 -1.502 -1.502 -1.502 -1.502 -1.502 -1.502
P152 100 100 100 100 100 100 100 100 100 100 100 100 100 -1.543 -1.543 -1.543 -1.543 -1.543 -1.543 -1.543
P148 100 100 100 100 100 100 100 100 100 100 100 100 100 -0.538 -0.538 -0.538 -0.538 -0.538 -0.538 -0.538
P143 100 100 100 100 100 100 100 100 100 100 100 100 100 -0.46 -0.497 -0.497 -0.497 -0.497 -0.497 -0.497
P141 100 100 100 100 100 100 100 100 100 100 100 100 100 -0.383 -0.465 -0.465 -0.465 -0.465 -0.465 -0.19
P147 100 100 100 100 100 100 100 100 100 100 100 100 100 0.236 0.236 0.236 0.236 0.236 0.236 0.236
P155 100 100 100 100 100 100 100 100 100 100 100 100 100 -1.079 -1.079 -1.079 -1.079 -1.079 -1.079 -1.079
P151 100 100 100 100 100 100 100 100 100 100 100 100 100 -1.311 -1.311 -1.311 -1.311 -1.311 -1.311 -1.311
P149 100 100 100 100 100 100 100 100 100 100 100 100 100 1.01 1.01 1.01 1.01 1.01 1.01 1.01
P200 100 100 100 100 100 100 100 100 100 100 100 100 100 100 -0.576 -0.576 -0.576 -0.576 -0.576 -0.884
P098 100 100 100 100 100 100 100 100 100 100 100 100 100 100 -0.412 -0.412 -0.412 -0.463 0.136 0.07
P094 100 100 100 100 100 100 100 100 100 100 100 100 100 100 -0.249 -0.249 -0.249 -0.249 -0.249 -0.249
P223 100 100 100 100 100 100 100 100 100 100 100 100 100 100 100 100 100 0.006 0.468 0.615
P224 100 100 100 100 100 100 100 100 100 100 100 100 100 100 100 100 100 -0.661 -0.626 -0.626
P225 100 100 100 100 100 100 100 100 100 100 100 100 100 100 100 100 100 0.173 -0.495 -0.244
P202 100 100 100 100 100 100 100 100 100 100 100 100 100 100 100 100 100 -0.912 -0.912 -0.859
P105 100 100 100 100 100 100 100 100 100 100 100 100 100 100 100 100 100 -0.745 -0.614 -0.614
P226 100 100 100 100 100 100 100 100 100 100 100 100 100 100 100 100 100 -0.578 -0.835 -0.835
P227 100 100 100 100 100 100 100 100 100 100 100 100 100 100 100 100 100 1.425 0.665 0.352
P210 100 100 100 100 100 100 100 100 100 100 100 100 100 100 100 100 100 100 -0.235 -0.068
P231 100 100 100 100 100 100 100 100 100 100 100 100 100 100 100 100 100 100 -0.957 -0.255
P213 100 100 100 100 100 100 100 100 100 100 100 100 100 100 100 100 100 100 100 -0.824
P232 100 100 100 100 100 100 100 100 100 100 100 100 100 100 100 100 100 100 100 -0.824
P208 100 100 100 100 100 100 100 100 100 100 100 100 100 100 100 100 100 100 100 -0.44
P203 100 100 100 100 100 100 100 100 100 100 100 100 100 100 100 100 100 100 100 -1.27
P186 100 100 100 100 100 100 100 100 100 100 100 100 100 100 100 100 100 100 100 -0.951
P233 100 100 100 100 100 100 100 100 100 100 100 100 100 100 100 100 100 100 100 -1.143