P062 -0.695 -0.695 -0.695 -0.358 -0.358 -0.358 -0.29 -0.29 -0.29 -0.29 0.075 0.075 0.075 0.127 0.127 0.127 0.127 0.127 -0.106 -0.106 0.21 0.21 0.613 0.613 0.613
P061 1.119 0.969 0.969 0.969 0.969 0.969 0.969 0.969 0.969 0.969 0.969 0.969 0.969 0.969 0.969 0.969 0.969 0.969 0.969 0.969 0.969 0.969 0.969 0.969 0.969
P127 -1.487 -1.487 -1.487 -1.487 -1.487 -1.487 -1.487 -1.487 -1.487 -1.487 -1.487 -1.487 -1.487 -1.487 -1.487 -1.487 -1.487 -1.487 -1.487 -1.487 -1.487 -1.487 -1.487 -1.487 -1.487
P086 0.934 0.934 0.934 0.934 0.934 0.934 0.934 0.934 0.934 0.934 -1.359 -1.359 -1.359 -1.359 -1.359 -1.359 -1.359 -1.359 -1.359 -1.359 -1.359 -1.359 -1.359 -1.359 -1.359
P090 1.335 1.361 1.361 1.361 1.361 1.361 1.361 1.361 1.361 1.361 1.361 1.361 1.361 1.361 1.361 1.361 1.361 1.361 1.361 1.361 1.361 1.361 1.361 1.361 1.361
P051 -0.869 -0.838 -0.838 -0.924 -0.924 -0.924 -0.965 -0.965 -0.965 -0.965 -0.788 -0.788 -0.479 -0.48 -0.48 -0.48 -0.48 -0.48 -0.48 -0.48 -0.48 -0.48 -0.771 -0.771 -0.771
P035 -0.54 -0.531 -0.531 -0.557 -0.557 -0.557 -0.484 -0.596 -0.596 -0.596 -0.664 -0.664 -0.552 -0.64 -0.64 -0.64 -0.64 -0.64 -0.388 -0.388 -0.5 -0.5 -0.339 -0.339 -0.339
P017 -1.388 -1.33 -1.33 -1.376 -1.376 -1.376 -1.385 -1.493 -1.493 -1.493 -1.033 -1.033 -1.033 -0.858 -0.858 -0.858 -0.858 -0.858 -0.858 -0.858 -0.858 -0.858 -0.858 -0.858 -0.858
P058 -0.922 -0.556 -0.556 -0.403 -0.403 -0.403 -0.403 -0.13 -0.13 -0.13 -0.13 -0.13 -0.13 -0.13 -0.13 -0.13 -0.13 -0.13 -0.13 -0.13 -0.13 -0.13 -0.13 -0.13 -0.13
P129 0.174 0.174 0.174 0.174 0.174 0.174 0.174 0.174 0.174 0.174 0.174 0.174 0.174 0.174 0.174 0.174 0.174 0.174 0.174 0.174 0.174 0.174 0.174 0.174 0.174
P124 0.122 0.477 0.477 0.477 0.477 0.477 0.477 0.477 0.477 0.477 0.477 0.477 0.477 0.477 0.477 0.477 0.477 0.477 0.477 0.477 0.477 0.477 0.477 0.477 0.477
P036 0.629 0.629 0.629 0.629 0.629 0.629 0.824 0.254 0.254 0.254 0.254 0.254 -0.006 0.287 0.287 0.287 0.287 0.287 0.62 0.62 0.261 0.261 0.261 0.261 0.261
P022 1.265 1.265 1.265 1.332 1.332 1.332 1.095 1.04 1.04 1.04 1.519 1.519 1.606 1.606 1.606 1.606 1.606 1.606 1.606 1.606 1.606 1.606 1.606 1.606 1.606
P012 -1.003 -0.705 -0.705 -0.705 -0.705 -0.705 -0.778 -0.744 -0.744 -0.744 -0.744 -0.744 -0.625 -0.625 -0.625 -0.625 -0.625 -0.625 -1.242 -1.242 -1.044 -1.044 -1.044 -1.044 -1.044
P118 -1.101 -1.101 -1.101 -1.101 -1.101 -1.101 -1.101 -1.101 -1.101 -1.101 -1.101 -1.101 -1.101 -1.101 -1.101 -1.101 -1.101 -1.101 -1.101 -1.101 -1.101 -1.101 -1.101 -1.101 -1.101
P019 -1.342 -1.514 -1.514 -1.391 -1.391 -1.391 -1.133 -1.133 -1.133 -1.133 -1.133 -1.133 -1.151 -1.151 -1.151 -1.151 -1.151 -1.151 -0.5 -0.5 -0.718 -0.718 -0.92 -0.92 -0.92
P011 0.366 0.266 0.266 0.393 0.393 0.393 0.067 0.069 0.069 0.069 -0.137 -0.137 -0.115 -0.115 -0.115 -0.115 -0.115 -0.115 -0.079 -0.079 -0.079 -0.079 0.383 0.383 0.383
P013 1.387 1.482 1.482 1.482 1.482 1.482 1.482 1.482 1.482 1.482 1.482 1.482 1.482 1.482 1.482 1.482 1.482 1.482 1.482 1.482 1.482 1.482 1.482 1.482 1.482
P014 0.808 0.816 0.816 0.816 0.816 0.816 0.474 0.474 0.474 0.474 0.474 0.474 0.474 0.474 0.474 0.474 0.474 0.474 0.474 0.474 0.474 0.474 0.474 0.474 0.474
P131 -0.712 -0.712 -0.712 -0.712 -0.712 -0.712 -0.712 -0.712 -0.712 -0.712 -0.712 -0.712 -0.712 -0.712 -0.712 -0.712 -0.712 -0.712 -0.712 -0.712 -0.712 -0.712 -0.712 -0.712 -0.712
P010 -0.668 -0.668 -0.668 -0.668 -0.668 -0.668 -0.869 -0.869 -0.869 -0.869 -0.869 -0.869 -0.869 -0.869 -0.869 -0.869 -0.869 -0.869 -0.748 -0.748 0.459 0.459 0.459 0.459 0.459
P059 0.287 0.287 0.287 0.287 0.287 0.287 0.287 0.287 0.287 0.287 0.287 0.287 0.287 0.138 0.138 0.138 0.138 0.138 0.572 0.572 0.798 0.798 0.443 0.443 0.443
P052 -0.045 -0.045 -0.045 -0.045 -0.045 -0.045 -0.045 -0.768 -0.768 -0.768 -0.619 -0.619 -0.619 -0.619 -0.619 -0.619 -0.619 -0.619 -0.619 -0.619 -0.619 -0.619 -0.619 -0.619 -0.619
P006 -0.998 -1.118 -1.118 -1.118 -1.118 -1.118 -1.118 -0.24 -0.24 -0.24 -0.619 -0.619 -0.619 -0.619 -0.619 -0.619 -0.619 -0.619 -0.619 -0.619 -0.619 -0.619 -0.619 -0.619 -0.619
P066 0.364 0.364 0.364 0.364 0.364 0.364 0.364 0.364 0.364 0.364 0.364 0.364 0.364 0.364 0.364 0.364 0.364 0.364 0.364 0.364 0.364 0.364 0.364 0.364 0.364
P053 0.215 0.253 0.253 0.315 0.315 0.315 0.123 -0.078 -0.078 -0.078 -0.03 -0.03 0.194 0.253 0.253 0.253 0.253 0.253 0.567 0.567 0.6 0.6 0.691 0.691 0.691
P029 -0.033 -0.033 -0.033 0.114 0.114 0.114 -0.033 0.313 0.313 0.313 0.313 0.313 0.217 0.442 0.442 0.442 0.442 0.442 0.546 0.546 0.546 0.546 0.546 0.546 0.546
P057 -0.972 -0.834 -0.834 -1.113 -1.113 -1.113 -1.244 -1.244 -1.244 -1.244 -0.784 -0.784 -0.78 -0.78 -0.78 -0.78 -0.78 -0.78 -0.782 -0.782 -0.782 -0.782 -0.782 -0.782 -0.782
P049 0.161 0.544 0.544 0.409 0.409 0.409 0.61 0.328 0.328 0.328 0.328 0.328 0.187 0.187 0.187 0.187 0.187 0.187 0.187 0.187 0.187 0.187 0.187 0.187 0.187
P045 0.718 0.79 0.79 0.923 0.923 0.923 0.837 0.574 0.574 0.574 0.811 0.811 0.811 0.811 0.811 0.811 0.811 0.811 0.811 0.811 0.811 0.811 0.811 0.811 0.811
P074 0.967 1.185 1.185 1.046 1.046 1.046 1.107 1.489 1.489 1.489 1.56 1.56 1.56 1.56 1.56 1.56 1.56 1.56 1.56 1.56 1.56 1.56 1.56 1.56 1.56
P105 -1.115 -1.115 -1.115 -1.115 -1.115 -1.115 -1.115 -1.115 -1.115 -1.115 -1.115 -1.115 -1.115 -1.115 -1.115 -1.115 -1.115 -1.115 -1.115 -1.115 -1.115 -1.115 -1.115 -1.115 -1.115
P025 0.325 0.325 0.325 0.174 0.174 0.174 0.174 0.174 0.174 0.174 0.174 0.174 -0.192 -0.192 -0.192 -0.192 -0.192 -0.192 -0.192 -0.192 -0.192 -0.192 -0.694 -0.694 -0.694
P042 0.975 0.751 0.751 0.901 0.901 0.901 0.784 0.601 0.601 0.601 0.685 0.685 0.685 0.685 0.685 0.685 0.685 0.685 0.307 0.307 0.307 0.307 -0.241 -0.241 -0.241
P032 -0.285 0.11 0.11 0.11 0.11 0.11 0.11 0.11 0.11 0.11 -0.128 -0.128 -0.312 0.115 0.115 0.115 0.115 0.115 0.006 0.006 0.345 0.345 0.179 0.179 0.179
P060 -0.258 -0.258 -0.258 -0.258 -0.258 -0.258 -0.258 -0.258 -0.258 -0.258 0.43 0.43 -0.056 -0.056 -0.056 -0.056 -0.056 -0.056 -0.103 -0.103 -0.103 -0.103 -0.08 -0.08 -0.08
P084 -0.005 0.08 0.08 0.096 0.096 0.096 0.096 0.096 0.096 0.096 0.096 0.096 0.096 0.096 0.096 0.096 0.096 0.096 0.096 0.096 0.096 0.096 0.096 0.096 0.096
P018 1.172 1.172 1.172 1.172 1.172 1.172 1.172 1.172 1.172 1.172 1.172 1.172 1.172 1.172 1.172 1.172 1.172 1.172 1.172 1.172 1.172 1.172 1.172 1.172 1.172
P033 -0.18 -0.18 -0.18 -0.51 -0.51 -0.51 -0.302 -0.245 -0.245 -0.245 -0.245 -0.245 -0.245 -0.245 -0.245 -0.245 -0.245 -0.245 -0.245 -0.245 -0.245 -0.245 -0.245 -0.245 -0.245
P044 0.374 0.198 0.198 0.274 0.274 0.274 0.256 0.076 0.076 0.076 0.076 0.076 0.159 0.159 0.159 0.159 0.159 0.159 -0.092 -0.092 0.42 0.42 -0.087 -0.087 -0.087
P038 -0.509 -0.509 -0.509 -0.509 -0.509 -0.509 -0.594 -1.192 -1.192 -1.192 -1.202 -1.202 -1.427 -1.427 -1.427 -1.427 -1.427 -1.427 -1.392 -1.392 -1.031 -1.031 -1.031 -1.031 -1.031
P041 -0.989 -1.209 -1.209 -1.002 -1.002 -1.002 -1.002 -1.002 -1.002 -1.002 -1.002 -1.002 -1.002 -0.235 -0.235 -0.235 -0.235 -0.235 -0.235 -0.235 -0.235 -0.235 -0.235 -0.235 -0.235
P130 -1.073 -0.807 -0.807 -0.807 -0.807 -0.807 -0.807 -0.807 -0.807 -0.807 -0.807 -0.807 -0.807 -0.807 -0.807 -0.807 -0.807 -0.807 -0.807 -0.807 -0.807 -0.807 -0.807 -0.807 -0.807
P001 0.952 0.935 0.935 0.942 0.942 0.942 1.06 1.06 1.06 1.06 0.627 0.627 0.802 1.26 1.26 1.26 1.26 1.26 1.647 1.647 1.504 1.504 1.178 1.178 1.178
P000 0.289 0.289 0.289 0.3 0.3 0.3 0.509 0.575 0.575 0.575 0.473 0.473 0.473 0.599 0.599 0.599 0.599 0.599 0.599 0.599 0.608 0.608 0.701 0.701 0.701
P144 -0.556 -0.556 -0.556 -0.556 -0.556 -0.556 -0.556 0.045 0.045 0.045 0.045 0.045 -0.067 -0.163 -0.163 -0.163 -0.163 -0.163 -0.197 -0.197 0.028 0.028 0.028 0.028 0.028
P078 0.09 0.09 0.09 0.09 0.09 0.09 0.09 0.09 0.09 0.09 0.09 0.09 0.09 0.09 0.09 0.09 0.09 0.09 0.09 0.09 0.09 0.09 0.09 0.09 0.09
P134 0.051 0.051 0.051 0.051 0.051 0.051 0.051 0.051 0.051 0.051 -0.164 -0.164 -0.164 -0.164 -0.164 -0.164 -0.164 -0.164 -0.164 -0.164 -0.164 -0.164 -0.164 -0.164 -0.164
P054 0.343 0.104 0.104 0.127 0.127 0.127 0.06 0.06 0.06 0.06 0.06 0.06 0.237 0.237 0.237 0.237 0.237 0.237 0.231 0.231 0.602 0.602 0.602 0.602 0.602
P031 0.903 0.903 0.903 1.077 1.077 1.077 1.077 1.112 1.112 1.112 0.713 0.713 0.713 0.713 0.713 0.713 0.713 0.713 0.713 0.713 0.713 0.713 0.713 0.713 0.713
P048 -0.185 -0.142 -0.142 -0.024 -0.024 -0.024 0.094 0.094 0.094 0.094 -0.087 -0.087 0.107 0.107 0.107 0.107 0.107 0.107 0.107 0.107 0.107 0.107 0.107 0.107 0.107
P043 0.723 0.723 0.723 0.621 0.621 0.621 0.897 0.897 0.897 0.897 0.897 0.897 0.897 0.897 0.897 0.897 0.897 0.897 0.897 0.897 0.897 0.897 0.897 0.897 0.897
P109 -1.304 -1.304 -1.304 -1.304 -1.304 -1.304 -1.304 -1.304 -1.304 -1.304 -1.304 -1.304 -1.304 -1.304 -1.304 -1.304 -1.304 -1.304 -1.304 -1.304 -1.304 -1.304 -1.304 -1.304 -1.304
P126 0.966 0.966 0.966 0.966 0.966 0.966 0.966 0.966 0.966 0.966 0.966 0.966 0.966 0.966 0.966 0.966 0.966 0.966 0.966 0.966 0.966 0.966 0.966 0.966 0.966
P096 -1.611 -1.611 -1.611 -1.611 -1.611 -1.611 -1.611 -1.611 -1.611 -1.611 -1.611 -1.611 0.186 0.186 0.186 0.186 0.186 0.186 0.186 0.186 0.186 0.186 0.186 0.186 0.186
P067 0.029 0.239 0.239 -0.249 -0.249 -0.249 -0.249 0.195 0.195 0.195 0.195 0.195 0.288 0.288 0.288 0.288 0.288 0.288 0.288 0.288 0.288 0.288 0.288 0.288 0.288
P097 -1.726 -1.726 -1.726 -1.726 -1.726 -1.726 -1.726 -1.726 -1.726 -1.726 -1.726 -1.726 -2.019 -2.019 -2.019 -2.019 -2.019 -2.019 -2.019 -2.019 -2.019 -2.019 -2.019 -2.019 -2.019
P099 -1.081 -1.081 -1.081 -1.081 -1.081 -1.081 -1.081 -1.081 -1.081 -1.081 -1.081 -1.081 -1.081 -1.081 -1.081 -1.081 -1.081 -1.081 -1.081 -1.081 -1.081 -1.081 -1.081 -1.081 -1.081
P125 0.503 0.106 0.106 0.106 0.106 0.106 0.106 0.106 0.106 0.106 0.106 0.106 0.106 0.106 0.106 0.106 0.106 0.106 0.106 0.106 0.106 0.106 0.106 0.106 0.106
P047 0.447 0.447 0.447 0.447 0.447 0.447 1.059 0.412 0.412 0.412 -0.126 -0.126 0.363 0.363 0.363 0.363 0.363 0.363 0.363 0.363 0.363 0.363 0.363 0.363 0.363
P034 0.489 0.291 0.291 0.664 0.664 0.664 0.712 0.597 0.597 0.597 0.938 0.938 0.754 0.836 0.836 0.836 0.836 0.836 0.333 0.333 0.601 0.601 0.592 0.592 0.592
P008 1.101 -0.021 -0.021 -0.095 -0.095 -0.095 -0.095 -0.095 -0.095 -0.095 -0.095 -0.095 -0.095 -0.095 -0.095 -0.095 -0.095 -0.095 -0.095 -0.095 -0.095 -0.095 -0.095 -0.095 -0.095
P117 -1.023 -1.023 -1.023 -1.023 -1.023 -1.023 -1.023 -1.023 -1.023 -1.023 -1.023 -1.023 -1.023 -1.023 -1.023 -1.023 -1.023 -1.023 -1.023 -1.023 -1.023 -1.023 -1.023 -1.023 -1.023
P107 -0.742 -0.742 -0.742 -0.742 -0.742 -0.742 -0.742 -0.742 -0.742 -0.742 -0.742 -0.742 -0.742 -0.742 -0.742 -0.742 -0.742 -0.742 -0.742 -0.742 -0.742 -0.742 -0.742 -0.742 -0.742
P100 -0.796 -0.796 -0.796 -0.796 -0.796 -0.796 -0.796 -0.796 -0.796 -0.796 -0.796 -0.796 -0.796 -0.796 -0.796 -0.796 -0.796 -0.796 -0.796 -0.796 -0.796 -0.796 -0.796 -0.796 -0.796
P064 -0.848 -1.104 -1.104 -0.834 -0.834 -0.834 -1.083 -1.083 -1.083 -1.083 -0.414 -0.414 -0.084 0.123 0.123 0.123 0.123 0.123 0.401 0.401 0.338 0.338 0.134 0.134 0.134
P046 1.423 1.423 1.423 1.544 1.544 1.544 1.411 1.562 1.562 1.562 1.411 1.411 1.437 1.593 1.593 1.593 1.593 1.593 1.521 1.521 1.521 1.521 1.527 1.527 1.527
P016 -1.469 -1.383 -1.383 -1.374 -1.374 -1.374 -1.4 -0.721 -0.721 -0.721 -0.721 -0.721 -0.657 -0.569 -0.569 -0.569 -0.569 -0.569 -0.569 -0.569 -0.783 -0.783 -0.397 -0.397 -0.397
P026 -1.337 -1.137 -1.137 -1.178 -1.178 -1.178 -0.833 -1.004 -1.004 -1.004 -1.199 -1.199 -1.199 -1.199 -1.199 -1.199 -1.199 -1.199 -0.979 -0.979 -0.979 -0.979 -0.72 -0.72 -0.72
P023 -0.815 -0.815 -0.815 -0.815 -0.815 -0.815 -0.815 -0.815 -0.815 -0.815 -0.355 -0.355 -0.355 0.025 0.025 0.025 0.025 0.025 0.025 0.025 0.025 0.025 0.025 0.025 0.025
P004 -0.417 -0.417 -0.417 -0.047 -0.047 -0.047 -0.047 -0.047 -0.047 -0.047 -0.351 -0.351 -0.351 -0.351 -0.351 -0.351 -0.351 -0.351 -0.351 -0.351 -0.351 -0.351 -0.351 -0.351 -0.351
P055 -0.347 0.025 0.025 0.025 0.025 0.025 -0.214 -0.046 -0.046 -0.046 -0.046 -0.046 -0.018 0.027 0.027 0.027 0.027 0.027 0.027 0.027 0.027 0.027 0.03 0.03 0.03
P056 -0.306 -0.059 -0.059 -0.394 -0.394 -0.394 -0.737 -0.774 -0.774 -0.774 -0.774 -0.774 -0.95 -1.192 -1.192 -1.192 -1.192 -1.192 -1.033 -1.033 -0.819 -0.819 -0.832 -0.832 -0.832
P024 -1.235 -0.447 -0.447 -0.447 -0.447 -0.447 -0.443 -0.443 -0.443 -0.443 -0.443 -0.443 -0.443 -0.443 -0.443 -0.443 -0.443 -0.443 -0.443 -0.443 -0.443 -0.443 -0.443 -0.443 -0.443
P021 -0.437 0.252 0.252 0.365 0.365 0.365 0.832 0.832 0.832 0.832 0.832 0.832 0.832 0.832 0.832 0.832 0.832 0.832 0.832 0.832 0.832 0.832 0.832 0.832 0.832
P136 -0.651 -0.903 -0.903 -0.903 -0.903 -0.903 -0.903 -0.903 -0.903 -0.903 -0.903 -0.903 -0.903 -0.903 -0.903 -0.903 -0.903 -0.903 -0.903 -0.903 -0.903 -0.903 -0.903 -0.903 -0.903
P005 100 -0.532 -0.532 -0.516 -0.516 -0.516 -0.656 -0.656 -0.656 -0.656 -0.822 -0.822 -0.199 -0.139 -0.139 -0.139 -0.139 -0.139 -0.139 -0.139 0.127 0.127 -0.546 -0.546 -0.546
P028 100 100 100 0.225 0.225 0.225 0.225 0.346 0.346 0.346 0.28 0.28 -0.049 0.462 0.462 0.462 0.462 0.462 0.499 0.499 0.499 0.499 0.715 0.715 0.715
P063 100 100 100 -1.23 -1.23 -1.23 -1.23 -0.195 -0.195 -0.195 -0.182 -0.182 -0.419 0.029 0.029 0.029 0.029 0.029 0.029 0.029 -0.099 -0.099 -0.099 -0.099 -0.099
P002 100 100 100 -1.326 -1.326 -1.326 -1.326 -0.279 -0.279 -0.279 -0.279 -0.279 -0.095 -0.095 -0.095 -0.095 -0.095 -0.095 -0.347 -0.347 -0.347 -0.347 -0.347 -0.347 -0.347
P030 100 100 100 100 100 100 -0.223 -0.223 -0.223 -0.223 -0.223 -0.223 -1.078 -1.078 -1.078 -1.078 -1.078 -1.078 -1.078 -1.078 -1.078 -1.078 -1.078 -1.078 -1.078
P020 100 100 100 100 100 100 1.157 0.361 0.361 0.361 0.387 0.387 0.776 0.776 0.776 0.776 0.776 0.776 1.435 1.435 1.435 1.435 1.435 1.435 1.435
P009 100 100 100 100 100 100 0.379 -0.411 -0.411 -0.411 -0.411 -0.411 0.978 0.978 0.978 0.978 0.978 0.978 0.978 0.978 0.978 0.978 0.486 0.486 0.486
P050 100 100 100 100 100 100 100 0.492 0.492 0.492 0.746 0.746 0.746 0.746 0.746 0.746 0.746 0.746 0.252 0.252 0.252 0.252 0.904 0.904 0.904
P137 100 100 100 100 100 100 100 0.626 0.626 0.626 0.626 0.626 0.626 0.626 0.626 0.626 0.626 0.626 0.626 0.626 0.626 0.626 0.626 0.626 0.626
P039 100 100 100 100 100 100 100 0.032 0.032 0.032 -0.096 -0.096 -0.096 -0.096 -0.096 -0.096 -0.096 -0.096 -0.291 -0.291 -0.291 -0.291 -0.291 -0.291 -0.291
P073 100 100 100 100 100 100 100 -1.595 -1.595 -1.595 -1.595 -1.595 -1.595 -1.595 -1.595 -1.595 -1.595 -1.595 1.137 1.137 1.137 1.137 1.137 1.137 1.137
P065 100 100 100 100 100 100 100 0.608 0.608 0.608 0.74 0.74 0.74 0.976 0.976 0.976 0.976 0.976 0.976 0.976 0.976 0.976 0.976 0.976 0.976
P015 100 100 100 100 100 100 100 -0.267 -0.267 -0.267 -0.267 -0.267 -0.881 -0.966 -0.966 -0.966 -0.966 -0.966 -0.966 -0.966 -0.798 -0.798 -0.798 -0.798 -0.798
P027 100 100 100 100 100 100 100 100 100 100 -0.082 -0.082 -0.393 -0.275 -0.275 -0.275 -0.275 -0.275 -0.275 -0.275 -0.448 -0.448 -0.448 -0.448 -0.448
P120 100 100 100 100 100 100 100 100 100 100 -1.231 -1.231 -1.231 -1.231 -1.231 -1.231 -1.231 -1.231 -1.231 -1.231 -1.231 -1.231 -1.231 -1.231 -1.231
P121 100 100 100 100 100 100 100 100 100 100 -1.521 -1.521 -1.521 -1.521 -1.521 -1.521 -1.521 -1.521 -1.521 -1.521 -1.521 -1.521 -1.521 -1.521 -1.521
P040 100 100 100 100 100 100 100 100 100 100 100 100 0.295 0.295 0.295 0.295 0.295 0.295 0.295 0.295 0.68 0.68 0.565 0.565 0.565
P152 100 100 100 100 100 100 100 100 100 100 100 100 100 -1.296 -1.296 -1.296 -1.296 -1.296 -1.296 -1.296 -1.296 -1.296 -1.296 -1.296 -1.296
P148 100 100 100 100 100 100 100 100 100 100 100 100 100 -0.17 -0.17 -0.17 -0.17 -0.17 -0.17 -0.17 -0.17 -0.17 -0.17 -0.17 -0.17
P143 100 100 100 100 100 100 100 100 100 100 100 100 100 -1.066 -1.066 -1.066 -1.066 -1.066 -1.066 -1.066 -1.066 -1.066 -1.066 -1.066 -1.066
P141 100 100 100 100 100 100 100 100 100 100 100 100 100 -0.796 -0.796 -0.796 -0.796 -0.796 -0.85 -0.85 -0.974 -0.974 -1.0 -1.0 -1.0
P145 100 100 100 100 100 100 100 100 100 100 100 100 100 0.927 0.927 0.927 0.927 0.927 0.927 0.927 0.399 0.399 0.399 0.399 0.399
P071 100 100 100 100 100 100 100 100 100 100 100 100 100 -1.362 -1.362 -1.362 -1.362 -1.362 -0.797 -0.797 -0.797 -0.797 -0.797 -0.797 -0.797
P153 100 100 100 100 100 100 100 100 100 100 100 100 100 -0.73 -0.73 -0.73 -0.73 -0.73 -0.73 -0.73 -1.298 -1.298 -1.298 -1.298 -1.298
P150 100 100 100 100 100 100 100 100 100 100 100 100 100 -0.326 -0.326 -0.326 -0.326 -0.326 -0.326 -0.326 -0.326 -0.326 -0.326 -0.326 -0.326
P154 100 100 100 100 100 100 100 100 100 100 100 100 100 -0.868 -0.868 -0.868 -0.868 -0.868 -0.868 -0.868 -0.868 -0.868 -0.868 -0.868 -0.868
P147 100 100 100 100 100 100 100 100 100 100 100 100 100 0.109 0.109 0.109 0.109 0.109 0.109 0.109 0.109 0.109 0.109 0.109 0.109
P155 100 100 100 100 100 100 100 100 100 100 100 100 100 -0.763 -0.763 -0.763 -0.763 -0.763 -0.763 -0.763 -0.763 -0.763 -0.763 -0.763 -0.763
P151 100 100 100 100 100 100 100 100 100 100 100 100 100 -1.731 -1.731 -1.731 -1.731 -1.731 -1.731 -1.731 -1.731 -1.731 -1.731 -1.731 -1.731
P149 100 100 100 100 100 100 100 100 100 100 100 100 100 0.231 0.231 0.231 0.231 0.231 0.231 0.231 0.363 0.363 0.055 0.055 0.055
P146 100 100 100 100 100 100 100 100 100 100 100 100 100 -1.728 -1.728 -1.728 -1.728 -1.728 -1.728 -1.728 -1.728 -1.728 -1.728 -1.728 -1.728
P202 100 100 100 100 100 100 100 100 100 100 100 100 100 100 100 100 100 100 -1.104 -1.104 -0.576 -0.576 -0.868 -0.868 -0.868
P203 100 100 100 100 100 100 100 100 100 100 100 100 100 100 100 100 100 100 -0.253 -0.253 -0.253 -0.253 -0.253 -0.253 -0.253
P068 100 100 100 100 100 100 100 100 100 100 100 100 100 100 100 100 100 100 1.481 1.481 1.481 1.481 1.481 1.481 1.481
P077 100 100 100 100 100 100 100 100 100 100 100 100 100 100 100 100 100 100 -0.501 -0.501 -0.501 -0.501 -0.501 -0.501 -0.501
P178 100 100 100 100 100 100 100 100 100 100 100 100 100 100 100 100 100 100 0.364 0.364 0.364 0.364 0.364 0.364 0.364
P204 100 100 100 100 100 100 100 100 100 100 100 100 100 100 100 100 100 100 -1.46 -1.46 -1.46 -1.46 -1.46 -1.46 -1.46
P179 100 100 100 100 100 100 100 100 100 100 100 100 100 100 100 100 100 100 -0.426 -0.426 -0.426 -0.426 -0.426 -0.426 -0.426
P205 100 100 100 100 100 100 100 100 100 100 100 100 100 100 100 100 100 100 -1.122 -1.122 -1.122 -1.122 -1.122 -1.122 -1.122
P210 100 100 100 100 100 100 100 100 100 100 100 100 100 100 100 100 100 100 100 100 0.509 0.509 1.401 1.401 1.401
P098 100 100 100 100 100 100 100 100 100 100 100 100 100 100 100 100 100 100 100 100 -0.523 -0.523 -0.523 -0.523 -0.523
P213 100 100 100 100 100 100 100 100 100 100 100 100 100 100 100 100 100 100 100 100 0.018 0.018 0.129 0.129 0.129
P215 100 100 100 100 100 100 100 100 100 100 100 100 100 100 100 100 100 100 100 100 -1.645 -1.645 -1.645 -1.645 -1.645
P216 100 100 100 100 100 100 100 100 100 100 100 100 100 100 100 100 100 100 100 100 -1.947 -1.947 -1.947 -1.947 -1.947
P217 100 100 100 100 100 100 100 100 100 100 100 100 100 100 100 100 100 100 100 100 -1.202 -1.202 -1.202 -1.202 -1.202
P218 100 100 100 100 100 100 100 100 100 100 100 100 100 100 100 100 100 100 100 100 -1.618 -1.618 -1.618 -1.618 -1.618
P219 100 100 100 100 100 100 100 100 100 100 100 100 100 100 100 100 100 100 100 100 0.872 0.872 0.872 0.872 0.872
P220 100 100 100 100 100 100 100 100 100 100 100 100 100 100 100 100 100 100 100 100 1.435 1.435 1.435 1.435 1.435
P221 100 100 100 100 100 100 100 100 100 100 100 100 100 100 100 100 100 100 100 100 -0.972 -0.972 -0.972 -0.972 -0.972
P222 100 100 100 100 100 100 100 100 100 100 100 100 100 100 100 100 100 100 100 100 0.098 0.098 0.098 0.098 0.098
P214 100 100 100 100 100 100 100 100 100 100 100 100 100 100 100 100 100 100 100 100 100 100 1.587 1.587 1.587
P224 100 100 100 100 100 100 100 100 100 100 100 100 100 100 100 100 100 100 100 100 100 100 -0.861 -0.861 -0.861
P225 100 100 100 100 100 100 100 100 100 100 100 100 100 100 100 100 100 100 100 100 100 100 -1.91 -1.91 -1.91
P231 100 100 100 100 100 100 100 100 100 100 100 100 100 100 100 100 100 100 100 100 100 100 -1.192 -1.192 -1.192
P142 100 100 100 100 100 100 100 100 100 100 100 100 100 100 100 100 100 100 100 100 100 100 1.419 1.419 1.419
P226 100 100 100 100 100 100 100 100 100 100 100 100 100 100 100 100 100 100 100 100 100 100 0.086 0.086 0.086
P139 100 100 100 100 100 100 100 100 100 100 100 100 100 100 100 100 100 100 100 100 100 100 0.834 0.834 0.834
P140 100 100 100 100 100 100 100 100 100 100 100 100 100 100 100 100 100 100 100 100 100 100 -0.294 -0.294 -0.294
P227 100 100 100 100 100 100 100 100 100 100 100 100 100 100 100 100 100 100 100 100 100 100 -0.678 -0.678 -0.678